workshop_submenu_begin,1,function
inputHandler,1,variable
qf_get_fnum,1,function
workshop_menu_item,1,function
fn,1,function
label,1,variable
fname,1,function
sd,1,variable
mch_write,1,function
vs,1,variable
gui,1,variable
fixAccelText,1,function
nb_dlevel,1,variable
p,1,variable
fixup,1,function
nb_debug,1,variable
qf_guess_filepath,1,function
sign,1,variable
mch_getperm,1,function
