True,def(ZBUS_ECMD)
True,!def(IPV6_SUPPORT)
(((def(CONF_WATCHASYNC_PA)&!def(CONF_WATCHASYNC_EDGDETECTVIAPOLLING))|(def(CONF_WATCHASYNC_PB)&!def(CONF_WATCHASYNC_EDGDETECTVIAPOLLING))|!def(CONF_WATCHASYNC_PC)|def(CONF_WATCHASYNC_EDGDETECTVIAPOLLING))&(!def(CONF_WATCHASYNC_PB)|def(CONF_WATCHASYNC_EDGDETECTVIAPOLLING))&!def(CONF_WATCHASYNC_EDGDETECTVIAPOLLING)&(!def(CONF_WATCHASYNC_PC)|def(CONF_WATCHASYNC_EDGDETECTVIAPOLLING))&((def(CONF_WATCHASYNC_PC)&!def(CONF_WATCHASYNC_EDGDETECTVIAPOLLING))|(def(CONF_WATCHASYNC_PD)&!def(CONF_WATCHASYNC_EDGDETECTVIAPOLLING))|(def(CONF_WATCHASYNC_PB)&!def(CONF_WATCHASYNC_EDGDETECTVIAPOLLING))|(def(CONF_WATCHASYNC_PA)&!def(CONF_WATCHASYNC_EDGDETECTVIAPOLLING)))&(!def(CONF_WATCHASYNC_PA)|def(CONF_WATCHASYNC_EDGDETECTVIAPOLLING))&def(CONF_WATCHASYNC_PD7)&def(CONF_WATCHASYNC_PD)),True
def(DEBUG),(!def(DEBUG)&def(LARGESCREEN))
(def(CONF_WATCHASYNC_PB7)&((def(CONF_WATCHASYNC_PA)&!def(CONF_WATCHASYNC_EDGDETECTVIAPOLLING))|(def(CONF_WATCHASYNC_PB)&!def(CONF_WATCHASYNC_EDGDETECTVIAPOLLING)))&def(CONF_WATCHASYNC_PA)&!def(CONF_WATCHASYNC_EDGDETECTVIAPOLLING)&((def(CONF_WATCHASYNC_PC)&!def(CONF_WATCHASYNC_EDGDETECTVIAPOLLING))|(def(CONF_WATCHASYNC_PD)&!def(CONF_WATCHASYNC_EDGDETECTVIAPOLLING))|(def(CONF_WATCHASYNC_PB)&!def(CONF_WATCHASYNC_EDGDETECTVIAPOLLING))|(def(CONF_WATCHASYNC_PA)&!def(CONF_WATCHASYNC_EDGDETECTVIAPOLLING)))&((def(CONF_WATCHASYNC_PA)&!def(CONF_WATCHASYNC_EDGDETECTVIAPOLLING))|(def(CONF_WATCHASYNC_PB)&!def(CONF_WATCHASYNC_EDGDETECTVIAPOLLING))|((!def(CONF_WATCHASYNC_PB)|def(CONF_WATCHASYNC_EDGDETECTVIAPOLLING))&(!def(CONF_WATCHASYNC_PA)|def(CONF_WATCHASYNC_EDGDETECTVIAPOLLING))&def(CONF_WATCHASYNC_PC)&!def(CONF_WATCHASYNC_EDGDETECTVIAPOLLING)))&def(CONF_WATCHASYNC_PB)),True
def(VFS_SD_SUPPORT),(def(ETHERNET_SUPPORT)&!def(VFS_TEENSY))
(def(DNS_SUPPORT)&((!def(CONF_WATCHASYNC_EDGDETECTVIAPOLLING)&((def(CONF_WATCHASYNC_PC)&!def(CONF_WATCHASYNC_EDGDETECTVIAPOLLING))|(def(CONF_WATCHASYNC_PD)&!def(CONF_WATCHASYNC_EDGDETECTVIAPOLLING))|(def(CONF_WATCHASYNC_PB)&!def(CONF_WATCHASYNC_EDGDETECTVIAPOLLING))|(def(CONF_WATCHASYNC_PA)&!def(CONF_WATCHASYNC_EDGDETECTVIAPOLLING))))|((!def(CONF_WATCHASYNC_PD)|def(CONF_WATCHASYNC_EDGDETECTVIAPOLLING))&(!def(CONF_WATCHASYNC_PB)|def(CONF_WATCHASYNC_EDGDETECTVIAPOLLING))&!def(CONF_WATCHASYNC_EDGDETECTVIAPOLLING)&(!def(CONF_WATCHASYNC_PC)|def(CONF_WATCHASYNC_EDGDETECTVIAPOLLING))&(!def(CONF_WATCHASYNC_PA)|def(CONF_WATCHASYNC_EDGDETECTVIAPOLLING))))),def(DNS_SUPPORT)
def(CONF_WATCHASYNC_SUMMARIZE),(def(CONF_WATCHASYNC_SENDEND)&((def(CONF_WATCHASYNC_SUMMARIZE)&!def(CONF_WATCHASYNC_SENDEND))|(def(CONF_WATCHASYNC_SENDEND)&def(CONF_WATCHASYNC_SUMMARIZE)&((!def(CONF_WATCHASYNC_EDGDETECTVIAPOLLING)&((def(CONF_WATCHASYNC_PC)&!def(CONF_WATCHASYNC_EDGDETECTVIAPOLLING))|(def(CONF_WATCHASYNC_PD)&!def(CONF_WATCHASYNC_EDGDETECTVIAPOLLING))|(def(CONF_WATCHASYNC_PB)&!def(CONF_WATCHASYNC_EDGDETECTVIAPOLLING))|(def(CONF_WATCHASYNC_PA)&!def(CONF_WATCHASYNC_EDGDETECTVIAPOLLING))))|((!def(CONF_WATCHASYNC_PD)|def(CONF_WATCHASYNC_EDGDETECTVIAPOLLING))&(!def(CONF_WATCHASYNC_PB)|def(CONF_WATCHASYNC_EDGDETECTVIAPOLLING))&!def(CONF_WATCHASYNC_EDGDETECTVIAPOLLING)&(!def(CONF_WATCHASYNC_PC)|def(CONF_WATCHASYNC_EDGDETECTVIAPOLLING))&(!def(CONF_WATCHASYNC_PA)|def(CONF_WATCHASYNC_EDGDETECTVIAPOLLING))))))&((!def(CONF_WATCHASYNC_EDGDETECTVIAPOLLING)&((def(CONF_WATCHASYNC_PC)&!def(CONF_WATCHASYNC_EDGDETECTVIAPOLLING))|(def(CONF_WATCHASYNC_PD)&!def(CONF_WATCHASYNC_EDGDETECTVIAPOLLING))|(def(CONF_WATCHASYNC_PB)&!def(CONF_WATCHASYNC_EDGDETECTVIAPOLLING))|(def(CONF_WATCHASYNC_PA)&!def(CONF_WATCHASYNC_EDGDETECTVIAPOLLING))))|((!def(CONF_WATCHASYNC_PD)|def(CONF_WATCHASYNC_EDGDETECTVIAPOLLING))&(!def(CONF_WATCHASYNC_PB)|def(CONF_WATCHASYNC_EDGDETECTVIAPOLLING))&!def(CONF_WATCHASYNC_EDGDETECTVIAPOLLING)&(!def(CONF_WATCHASYNC_PC)|def(CONF_WATCHASYNC_EDGDETECTVIAPOLLING))&(!def(CONF_WATCHASYNC_PA)|def(CONF_WATCHASYNC_EDGDETECTVIAPOLLING))))&def(CONF_WATCHASYNC_SUMMARIZE)&(!def(CONF_WATCHASYNC_SUMMARIZE)|def(CONF_WATCHASYNC_SENDEND)))
(def(RFM12_ASK_2272_SUPPORT)&def(TEENSY_SUPPORT)),def(TEENSY_SUPPORT)
(def(CONF_WATCHASYNC_PC)&(!def(CONF_WATCHASYNC_PB)|def(CONF_WATCHASYNC_EDGDETECTVIAPOLLING))&!def(CONF_WATCHASYNC_EDGDETECTVIAPOLLING)&((def(CONF_WATCHASYNC_PC)&!def(CONF_WATCHASYNC_EDGDETECTVIAPOLLING))|(def(CONF_WATCHASYNC_PD)&!def(CONF_WATCHASYNC_EDGDETECTVIAPOLLING))|(def(CONF_WATCHASYNC_PB)&!def(CONF_WATCHASYNC_EDGDETECTVIAPOLLING))|(def(CONF_WATCHASYNC_PA)&!def(CONF_WATCHASYNC_EDGDETECTVIAPOLLING)))&((def(CONF_WATCHASYNC_PA)&!def(CONF_WATCHASYNC_EDGDETECTVIAPOLLING))|(def(CONF_WATCHASYNC_PB)&!def(CONF_WATCHASYNC_EDGDETECTVIAPOLLING))|((!def(CONF_WATCHASYNC_PB)|def(CONF_WATCHASYNC_EDGDETECTVIAPOLLING))&(!def(CONF_WATCHASYNC_PA)|def(CONF_WATCHASYNC_EDGDETECTVIAPOLLING))&def(CONF_WATCHASYNC_PC)&!def(CONF_WATCHASYNC_EDGDETECTVIAPOLLING)))&(!def(CONF_WATCHASYNC_PA)|def(CONF_WATCHASYNC_EDGDETECTVIAPOLLING))&def(CONF_WATCHASYNC_PC7)),True
True,def(SGC_ECMD_SEND_SUPPORT)
def(I2C_PCA9555_SUPPORT),True
(def(CONF_WATCHASYNC_TIMESTAMP)&(def(CONF_WATCHASYNC_SUMMARIZE)|def(CONF_WATCHASYNC_TIMESTAMP))&!def(CONF_WATCHASYNC_EDGDETECTVIAPOLLING)&((def(CONF_WATCHASYNC_PC)&!def(CONF_WATCHASYNC_EDGDETECTVIAPOLLING))|(def(CONF_WATCHASYNC_PD)&!def(CONF_WATCHASYNC_EDGDETECTVIAPOLLING))|(def(CONF_WATCHASYNC_PB)&!def(CONF_WATCHASYNC_EDGDETECTVIAPOLLING))|(def(CONF_WATCHASYNC_PA)&!def(CONF_WATCHASYNC_EDGDETECTVIAPOLLING)))&def(CONF_WATCHASYNC_SUMMARIZE)),True
(def(CONF_WATCHASYNC_PC)&(!def(CONF_WATCHASYNC_PB)|def(CONF_WATCHASYNC_EDGDETECTVIAPOLLING))&!def(CONF_WATCHASYNC_EDGDETECTVIAPOLLING)&((def(CONF_WATCHASYNC_PC)&!def(CONF_WATCHASYNC_EDGDETECTVIAPOLLING))|(def(CONF_WATCHASYNC_PD)&!def(CONF_WATCHASYNC_EDGDETECTVIAPOLLING))|(def(CONF_WATCHASYNC_PB)&!def(CONF_WATCHASYNC_EDGDETECTVIAPOLLING))|(def(CONF_WATCHASYNC_PA)&!def(CONF_WATCHASYNC_EDGDETECTVIAPOLLING)))&((def(CONF_WATCHASYNC_PA)&!def(CONF_WATCHASYNC_EDGDETECTVIAPOLLING))|(def(CONF_WATCHASYNC_PB)&!def(CONF_WATCHASYNC_EDGDETECTVIAPOLLING))|((!def(CONF_WATCHASYNC_PB)|def(CONF_WATCHASYNC_EDGDETECTVIAPOLLING))&(!def(CONF_WATCHASYNC_PA)|def(CONF_WATCHASYNC_EDGDETECTVIAPOLLING))&def(CONF_WATCHASYNC_PC)&!def(CONF_WATCHASYNC_EDGDETECTVIAPOLLING)))&(!def(CONF_WATCHASYNC_PA)|def(CONF_WATCHASYNC_EDGDETECTVIAPOLLING))&def(CONF_WATCHASYNC_PC6)),True
!def(HD44780_MULTIENSUPPORT),True
def(PWM_SERVO_SUPPORT),(def(PWM_SERVO_DEFAULT_ENABLED)&def(PWM_SERVO_SUPPORT)&(!def(PWM_SERVO_SUPPORT)|def(PWM_SERVO_DEFAULT_ENABLED)))
def(SGC_SHDN_SLEEP_ACTIVE),True
!def(ECMD_MIRROR_REQUEST),def(I2C_PCF8574X_SUPPORT)
def(I2C_BMP085_BAROCALC_SUPPORT),def(I2C_BMP085_SUPPORT)
(!def(CONF_WATCHASYNC_EDGDETECTVIAPOLLING)&((def(CONF_WATCHASYNC_PC)&!def(CONF_WATCHASYNC_EDGDETECTVIAPOLLING))|(def(CONF_WATCHASYNC_PD)&!def(CONF_WATCHASYNC_EDGDETECTVIAPOLLING))|(def(CONF_WATCHASYNC_PB)&!def(CONF_WATCHASYNC_EDGDETECTVIAPOLLING))|(def(CONF_WATCHASYNC_PA)&!def(CONF_WATCHASYNC_EDGDETECTVIAPOLLING)))&((def(CONF_WATCHASYNC_PA)&!def(CONF_WATCHASYNC_EDGDETECTVIAPOLLING))|(def(CONF_WATCHASYNC_PB)&!def(CONF_WATCHASYNC_EDGDETECTVIAPOLLING))|((!def(CONF_WATCHASYNC_PB)|def(CONF_WATCHASYNC_EDGDETECTVIAPOLLING))&(!def(CONF_WATCHASYNC_PA)|def(CONF_WATCHASYNC_EDGDETECTVIAPOLLING))&def(CONF_WATCHASYNC_PC)&!def(CONF_WATCHASYNC_EDGDETECTVIAPOLLING)))&(!def(CONF_WATCHASYNC_PA)|def(CONF_WATCHASYNC_EDGDETECTVIAPOLLING))&def(CONF_WATCHASYNC_PB)&def(CONF_WATCHASYNC_PB4)),True
(def(DUAL_HBRIDGE_SUPPORT)&!def(HBRIDGE_INVERTER_SUPPORT)),True
def(I2C_PCF8574X_SUPPORT),def(I2C_TSL2550_SUPPORT)
(((def(CONF_WATCHASYNC_PA)&!def(CONF_WATCHASYNC_EDGDETECTVIAPOLLING))|(def(CONF_WATCHASYNC_PB)&!def(CONF_WATCHASYNC_EDGDETECTVIAPOLLING))|!def(CONF_WATCHASYNC_PC)|def(CONF_WATCHASYNC_EDGDETECTVIAPOLLING))&(!def(CONF_WATCHASYNC_PB)|def(CONF_WATCHASYNC_EDGDETECTVIAPOLLING))&!def(CONF_WATCHASYNC_EDGDETECTVIAPOLLING)&def(CONF_WATCHASYNC_PD6)&(!def(CONF_WATCHASYNC_PC)|def(CONF_WATCHASYNC_EDGDETECTVIAPOLLING))&((def(CONF_WATCHASYNC_PC)&!def(CONF_WATCHASYNC_EDGDETECTVIAPOLLING))|(def(CONF_WATCHASYNC_PD)&!def(CONF_WATCHASYNC_EDGDETECTVIAPOLLING))|(def(CONF_WATCHASYNC_PB)&!def(CONF_WATCHASYNC_EDGDETECTVIAPOLLING))|(def(CONF_WATCHASYNC_PA)&!def(CONF_WATCHASYNC_EDGDETECTVIAPOLLING)))&(!def(CONF_WATCHASYNC_PA)|def(CONF_WATCHASYNC_EDGDETECTVIAPOLLING))&def(CONF_WATCHASYNC_PD)),True
(!def(CONF_WATCHASYNC_EDGDETECTVIAPOLLING)&def(CONF_WATCHASYNC_PD6)&((def(CONF_WATCHASYNC_PC)&!def(CONF_WATCHASYNC_EDGDETECTVIAPOLLING))|(def(CONF_WATCHASYNC_PD)&!def(CONF_WATCHASYNC_EDGDETECTVIAPOLLING))|(def(CONF_WATCHASYNC_PB)&!def(CONF_WATCHASYNC_EDGDETECTVIAPOLLING))|(def(CONF_WATCHASYNC_PA)&!def(CONF_WATCHASYNC_EDGDETECTVIAPOLLING)))&((def(CONF_WATCHASYNC_PA)&!def(CONF_WATCHASYNC_EDGDETECTVIAPOLLING))|(def(CONF_WATCHASYNC_PB)&!def(CONF_WATCHASYNC_EDGDETECTVIAPOLLING))|((!def(CONF_WATCHASYNC_PB)|def(CONF_WATCHASYNC_EDGDETECTVIAPOLLING))&(!def(CONF_WATCHASYNC_PA)|def(CONF_WATCHASYNC_EDGDETECTVIAPOLLING))&def(CONF_WATCHASYNC_PC)&!def(CONF_WATCHASYNC_EDGDETECTVIAPOLLING)))&def(CONF_WATCHASYNC_PD)),True
!def(DC3840_HIGH_COMPRESSION),True
def(DEBUG),True
!def(IPV6_SUPPORT),True
def(ENC28J60_SUPPORT),True
def(ETHERNET_SUPPORT),(def(IPV6_SUPPORT)&def(ETHERNET_SUPPORT))
def(I2C_TSL2550_SUPPORT),True
def(DHT_TEMP_ECMD_SUPPORT),True
def(I2C_MAX7311_SUPPORT),True
!def(VFS_PWM_WAV_SUPPORT),True
def(LCD_BACKLIGHT_SUPPORT),True
!def(DISABLE_IPCONF_SUPPORT),True
(!def(CONF_WATCHASYNC_EDGDETECTVIAPOLLING)&((def(CONF_WATCHASYNC_PC)&!def(CONF_WATCHASYNC_EDGDETECTVIAPOLLING))|(def(CONF_WATCHASYNC_PD)&!def(CONF_WATCHASYNC_EDGDETECTVIAPOLLING))|(def(CONF_WATCHASYNC_PB)&!def(CONF_WATCHASYNC_EDGDETECTVIAPOLLING))|(def(CONF_WATCHASYNC_PA)&!def(CONF_WATCHASYNC_EDGDETECTVIAPOLLING)))),(def(CONF_WATCHASYNC_TIMESTAMP)&(def(CONF_WATCHASYNC_SUMMARIZE)|def(CONF_WATCHASYNC_TIMESTAMP))&!def(CONF_WATCHASYNC_EDGDETECTVIAPOLLING)&((def(CONF_WATCHASYNC_PC)&!def(CONF_WATCHASYNC_EDGDETECTVIAPOLLING))|(def(CONF_WATCHASYNC_PD)&!def(CONF_WATCHASYNC_EDGDETECTVIAPOLLING))|(def(CONF_WATCHASYNC_PB)&!def(CONF_WATCHASYNC_EDGDETECTVIAPOLLING))|(def(CONF_WATCHASYNC_PA)&!def(CONF_WATCHASYNC_EDGDETECTVIAPOLLING)))&def(CONF_WATCHASYNC_SUMMARIZE))
def(ELTAKOMS_SUPPORT),True
def(DISABLE_IPCONF_SUPPORT),True
(((def(CONF_WATCHASYNC_PA)&!def(CONF_WATCHASYNC_EDGDETECTVIAPOLLING))|(def(CONF_WATCHASYNC_PB)&!def(CONF_WATCHASYNC_EDGDETECTVIAPOLLING))|!def(CONF_WATCHASYNC_PC)|def(CONF_WATCHASYNC_EDGDETECTVIAPOLLING))&(!def(CONF_WATCHASYNC_PB)|def(CONF_WATCHASYNC_EDGDETECTVIAPOLLING))&!def(CONF_WATCHASYNC_EDGDETECTVIAPOLLING)&(!def(CONF_WATCHASYNC_PC)|def(CONF_WATCHASYNC_EDGDETECTVIAPOLLING))&((def(CONF_WATCHASYNC_PC)&!def(CONF_WATCHASYNC_EDGDETECTVIAPOLLING))|(def(CONF_WATCHASYNC_PD)&!def(CONF_WATCHASYNC_EDGDETECTVIAPOLLING))|(def(CONF_WATCHASYNC_PB)&!def(CONF_WATCHASYNC_EDGDETECTVIAPOLLING))|(def(CONF_WATCHASYNC_PA)&!def(CONF_WATCHASYNC_EDGDETECTVIAPOLLING)))&(!def(CONF_WATCHASYNC_PA)|def(CONF_WATCHASYNC_EDGDETECTVIAPOLLING))&def(CONF_WATCHASYNC_PD5)&def(CONF_WATCHASYNC_PD)),True
(def(CONF_WATCHASYNC_SUMMARIZE)&((!def(CONF_WATCHASYNC_EDGDETECTVIAPOLLING)&((def(CONF_WATCHASYNC_PC)&!def(CONF_WATCHASYNC_EDGDETECTVIAPOLLING))|(def(CONF_WATCHASYNC_PD)&!def(CONF_WATCHASYNC_EDGDETECTVIAPOLLING))|(def(CONF_WATCHASYNC_PB)&!def(CONF_WATCHASYNC_EDGDETECTVIAPOLLING))|(def(CONF_WATCHASYNC_PA)&!def(CONF_WATCHASYNC_EDGDETECTVIAPOLLING))))|((!def(CONF_WATCHASYNC_PD)|def(CONF_WATCHASYNC_EDGDETECTVIAPOLLING))&(!def(CONF_WATCHASYNC_PB)|def(CONF_WATCHASYNC_EDGDETECTVIAPOLLING))&!def(CONF_WATCHASYNC_EDGDETECTVIAPOLLING)&(!def(CONF_WATCHASYNC_PC)|def(CONF_WATCHASYNC_EDGDETECTVIAPOLLING))&(!def(CONF_WATCHASYNC_PA)|def(CONF_WATCHASYNC_EDGDETECTVIAPOLLING))))),True
def(ALIASCMD_SUPPORT),def(ECMD_USB_SUPPORT)
def(HTTPD_AUTH_SUPPORT),True
def(ADC_SUPPORT),def(SNMP_SUPPORT)
(!def(CONF_WATCHASYNC_EDGDETECTVIAPOLLING)&((def(CONF_WATCHASYNC_PC)&!def(CONF_WATCHASYNC_EDGDETECTVIAPOLLING))|(def(CONF_WATCHASYNC_PD)&!def(CONF_WATCHASYNC_EDGDETECTVIAPOLLING))|(def(CONF_WATCHASYNC_PB)&!def(CONF_WATCHASYNC_EDGDETECTVIAPOLLING))|(def(CONF_WATCHASYNC_PA)&!def(CONF_WATCHASYNC_EDGDETECTVIAPOLLING)))),(!def(CONF_WATCHASYNC_EDGDETECTVIAPOLLING)&((def(CONF_WATCHASYNC_PC)&!def(CONF_WATCHASYNC_EDGDETECTVIAPOLLING))|(def(CONF_WATCHASYNC_PD)&!def(CONF_WATCHASYNC_EDGDETECTVIAPOLLING))|(def(CONF_WATCHASYNC_PB)&!def(CONF_WATCHASYNC_EDGDETECTVIAPOLLING))|(def(CONF_WATCHASYNC_PA)&!def(CONF_WATCHASYNC_EDGDETECTVIAPOLLING)))&(def(CONF_WATCHASYNC_SUMMARIZE)|def(CONF_WATCHASYNC_TIMESTAMP)))
def(DC3840_HIGH_COMPRESSION),True
True,def(I2C_TSL2550_SUPPORT)
(!def(CONF_WATCHASYNC_EDGDETECTVIAPOLLING)&def(CONF_WATCHASYNC_PD2)&((def(CONF_WATCHASYNC_PC)&!def(CONF_WATCHASYNC_EDGDETECTVIAPOLLING))|(def(CONF_WATCHASYNC_PD)&!def(CONF_WATCHASYNC_EDGDETECTVIAPOLLING))|(def(CONF_WATCHASYNC_PB)&!def(CONF_WATCHASYNC_EDGDETECTVIAPOLLING))|(def(CONF_WATCHASYNC_PA)&!def(CONF_WATCHASYNC_EDGDETECTVIAPOLLING)))&((def(CONF_WATCHASYNC_PA)&!def(CONF_WATCHASYNC_EDGDETECTVIAPOLLING))|(def(CONF_WATCHASYNC_PB)&!def(CONF_WATCHASYNC_EDGDETECTVIAPOLLING))|((!def(CONF_WATCHASYNC_PB)|def(CONF_WATCHASYNC_EDGDETECTVIAPOLLING))&(!def(CONF_WATCHASYNC_PA)|def(CONF_WATCHASYNC_EDGDETECTVIAPOLLING))&def(CONF_WATCHASYNC_PC)&!def(CONF_WATCHASYNC_EDGDETECTVIAPOLLING)))&def(CONF_WATCHASYNC_PD)),True
(((def(CONF_WATCHASYNC_PA)&!def(CONF_WATCHASYNC_EDGDETECTVIAPOLLING))|(def(CONF_WATCHASYNC_PB)&!def(CONF_WATCHASYNC_EDGDETECTVIAPOLLING)))&def(CONF_WATCHASYNC_PA)&!def(CONF_WATCHASYNC_EDGDETECTVIAPOLLING)&((def(CONF_WATCHASYNC_PC)&!def(CONF_WATCHASYNC_EDGDETECTVIAPOLLING))|(def(CONF_WATCHASYNC_PD)&!def(CONF_WATCHASYNC_EDGDETECTVIAPOLLING))|(def(CONF_WATCHASYNC_PB)&!def(CONF_WATCHASYNC_EDGDETECTVIAPOLLING))|(def(CONF_WATCHASYNC_PA)&!def(CONF_WATCHASYNC_EDGDETECTVIAPOLLING)))&((def(CONF_WATCHASYNC_PA)&!def(CONF_WATCHASYNC_EDGDETECTVIAPOLLING))|(def(CONF_WATCHASYNC_PB)&!def(CONF_WATCHASYNC_EDGDETECTVIAPOLLING))|((!def(CONF_WATCHASYNC_PB)|def(CONF_WATCHASYNC_EDGDETECTVIAPOLLING))&(!def(CONF_WATCHASYNC_PA)|def(CONF_WATCHASYNC_EDGDETECTVIAPOLLING))&def(CONF_WATCHASYNC_PC)&!def(CONF_WATCHASYNC_EDGDETECTVIAPOLLING)))&def(CONF_WATCHASYNC_PB)&def(CONF_WATCHASYNC_PB0)),True
(!def(DUAL_HBRIDGE_SUPPORT)&def(HBRIDGE_INVERTER_SUPPORT)),True
def(ETHERNET_SUPPORT),!def(IPV6_STATIC_SUPPORT)
(def(MCUF_SPIRAL_SUPPORT)&def(MCUF_MODUL_SUPPORT)&(!def(MCUF_CLEAN_SUPPORT)|!def(MCUF_MODUL_SUPPORT))),def(MCUF_SPIRAL_SUPPORT)
def(ICMP_SUPPORT),True
!def(ECMD_MIRROR_REQUEST),True
def(LEDRG_SUPPORT),True
((!def(CONF_WATCHASYNC_SENDEND)|!def(CONF_WATCHASYNC_SUMMARIZE)|(((def(CONF_WATCHASYNC_PD)&!def(CONF_WATCHASYNC_EDGDETECTVIAPOLLING))|(def(CONF_WATCHASYNC_PB)&!def(CONF_WATCHASYNC_EDGDETECTVIAPOLLING))|def(CONF_WATCHASYNC_EDGDETECTVIAPOLLING)|(def(CONF_WATCHASYNC_PA)&!def(CONF_WATCHASYNC_EDGDETECTVIAPOLLING))|(def(CONF_WATCHASYNC_PC)&!def(CONF_WATCHASYNC_EDGDETECTVIAPOLLING)))&(def(CONF_WATCHASYNC_EDGDETECTVIAPOLLING)|((!def(CONF_WATCHASYNC_PD)|def(CONF_WATCHASYNC_EDGDETECTVIAPOLLING))&(!def(CONF_WATCHASYNC_PC)|def(CONF_WATCHASYNC_EDGDETECTVIAPOLLING))&(!def(CONF_WATCHASYNC_PB)|def(CONF_WATCHASYNC_EDGDETECTVIAPOLLING))&(!def(CONF_WATCHASYNC_PA)|def(CONF_WATCHASYNC_EDGDETECTVIAPOLLING))))))&(!def(CONF_WATCHASYNC_SUMMARIZE)|def(CONF_WATCHASYNC_SENDEND))),!def(CONF_WATCHASYNC_SUMMARIZE)
def(HD44780_MULTIENSUPPORT),def(HD44780_READBACK)
def(CONF_WATCHASYNC_PB),(((def(CONF_WATCHASYNC_PA)&!def(CONF_WATCHASYNC_EDGDETECTVIAPOLLING))|(def(CONF_WATCHASYNC_PB)&!def(CONF_WATCHASYNC_EDGDETECTVIAPOLLING)))&def(CONF_WATCHASYNC_PA)&!def(CONF_WATCHASYNC_EDGDETECTVIAPOLLING)&((def(CONF_WATCHASYNC_PC)&!def(CONF_WATCHASYNC_EDGDETECTVIAPOLLING))|(def(CONF_WATCHASYNC_PD)&!def(CONF_WATCHASYNC_EDGDETECTVIAPOLLING))|(def(CONF_WATCHASYNC_PB)&!def(CONF_WATCHASYNC_EDGDETECTVIAPOLLING))|(def(CONF_WATCHASYNC_PA)&!def(CONF_WATCHASYNC_EDGDETECTVIAPOLLING)))&((def(CONF_WATCHASYNC_PA)&!def(CONF_WATCHASYNC_EDGDETECTVIAPOLLING))|(def(CONF_WATCHASYNC_PB)&!def(CONF_WATCHASYNC_EDGDETECTVIAPOLLING))|((!def(CONF_WATCHASYNC_PB)|def(CONF_WATCHASYNC_EDGDETECTVIAPOLLING))&(!def(CONF_WATCHASYNC_PA)|def(CONF_WATCHASYNC_EDGDETECTVIAPOLLING))&def(CONF_WATCHASYNC_PC)&!def(CONF_WATCHASYNC_EDGDETECTVIAPOLLING)))&def(CONF_WATCHASYNC_PB))
((!def(CONF_WATCHASYNC_SENDEND)|!def(CONF_WATCHASYNC_SUMMARIZE)|(((def(CONF_WATCHASYNC_PD)&!def(CONF_WATCHASYNC_EDGDETECTVIAPOLLING))|(def(CONF_WATCHASYNC_PB)&!def(CONF_WATCHASYNC_EDGDETECTVIAPOLLING))|def(CONF_WATCHASYNC_EDGDETECTVIAPOLLING)|(def(CONF_WATCHASYNC_PA)&!def(CONF_WATCHASYNC_EDGDETECTVIAPOLLING))|(def(CONF_WATCHASYNC_PC)&!def(CONF_WATCHASYNC_EDGDETECTVIAPOLLING)))&(def(CONF_WATCHASYNC_EDGDETECTVIAPOLLING)|((!def(CONF_WATCHASYNC_PD)|def(CONF_WATCHASYNC_EDGDETECTVIAPOLLING))&(!def(CONF_WATCHASYNC_PC)|def(CONF_WATCHASYNC_EDGDETECTVIAPOLLING))&(!def(CONF_WATCHASYNC_PB)|def(CONF_WATCHASYNC_EDGDETECTVIAPOLLING))&(!def(CONF_WATCHASYNC_PA)|def(CONF_WATCHASYNC_EDGDETECTVIAPOLLING))))))&(!def(CONF_WATCHASYNC_SUMMARIZE)|def(CONF_WATCHASYNC_SENDEND))),!def(DNS_SUPPORT)
True,!def(DISABLE_IPCONF_SUPPORT)
(!def(DEBUG)&def(LARGESCREEN)),True
def(LCD_DRAWBITMAP_USED),True
(def(CRON_VFS_SUPPORT)&def(CRON_PERSIST_SUPPORT)),True
def(CONF_WATCHASYNC_PA),(((def(CONF_WATCHASYNC_PA)&!def(CONF_WATCHASYNC_EDGDETECTVIAPOLLING))|(def(CONF_WATCHASYNC_PB)&!def(CONF_WATCHASYNC_EDGDETECTVIAPOLLING)))&def(CONF_WATCHASYNC_PA)&!def(CONF_WATCHASYNC_EDGDETECTVIAPOLLING)&((def(CONF_WATCHASYNC_PC)&!def(CONF_WATCHASYNC_EDGDETECTVIAPOLLING))|(def(CONF_WATCHASYNC_PD)&!def(CONF_WATCHASYNC_EDGDETECTVIAPOLLING))|(def(CONF_WATCHASYNC_PB)&!def(CONF_WATCHASYNC_EDGDETECTVIAPOLLING))|(def(CONF_WATCHASYNC_PA)&!def(CONF_WATCHASYNC_EDGDETECTVIAPOLLING)))&((def(CONF_WATCHASYNC_PA)&!def(CONF_WATCHASYNC_EDGDETECTVIAPOLLING))|(def(CONF_WATCHASYNC_PB)&!def(CONF_WATCHASYNC_EDGDETECTVIAPOLLING))|((!def(CONF_WATCHASYNC_PB)|def(CONF_WATCHASYNC_EDGDETECTVIAPOLLING))&(!def(CONF_WATCHASYNC_PA)|def(CONF_WATCHASYNC_EDGDETECTVIAPOLLING))&def(CONF_WATCHASYNC_PC)&!def(CONF_WATCHASYNC_EDGDETECTVIAPOLLING))))
(((def(CONF_WATCHASYNC_PA)&!def(CONF_WATCHASYNC_EDGDETECTVIAPOLLING))|(def(CONF_WATCHASYNC_PB)&!def(CONF_WATCHASYNC_EDGDETECTVIAPOLLING))|!def(CONF_WATCHASYNC_PC)|def(CONF_WATCHASYNC_EDGDETECTVIAPOLLING))&(!def(CONF_WATCHASYNC_PB)|def(CONF_WATCHASYNC_EDGDETECTVIAPOLLING))&!def(CONF_WATCHASYNC_EDGDETECTVIAPOLLING)&(!def(CONF_WATCHASYNC_PC)|def(CONF_WATCHASYNC_EDGDETECTVIAPOLLING))&def(CONF_WATCHASYNC_PD1)&((def(CONF_WATCHASYNC_PC)&!def(CONF_WATCHASYNC_EDGDETECTVIAPOLLING))|(def(CONF_WATCHASYNC_PD)&!def(CONF_WATCHASYNC_EDGDETECTVIAPOLLING))|(def(CONF_WATCHASYNC_PB)&!def(CONF_WATCHASYNC_EDGDETECTVIAPOLLING))|(def(CONF_WATCHASYNC_PA)&!def(CONF_WATCHASYNC_EDGDETECTVIAPOLLING)))&(!def(CONF_WATCHASYNC_PA)|def(CONF_WATCHASYNC_EDGDETECTVIAPOLLING))&def(CONF_WATCHASYNC_PD)),True
!def(HBRIDGE_PWM_SUPPORT),True
(def(HBRIDGE_INVERTER_SUPPORT)&def(DUAL_HBRIDGE_SUPPORT)),True
(def(CONF_WATCHASYNC_PC)&(!def(CONF_WATCHASYNC_PB)|def(CONF_WATCHASYNC_EDGDETECTVIAPOLLING))&def(CONF_WATCHASYNC_PC0)&!def(CONF_WATCHASYNC_EDGDETECTVIAPOLLING)&((def(CONF_WATCHASYNC_PC)&!def(CONF_WATCHASYNC_EDGDETECTVIAPOLLING))|(def(CONF_WATCHASYNC_PD)&!def(CONF_WATCHASYNC_EDGDETECTVIAPOLLING))|(def(CONF_WATCHASYNC_PB)&!def(CONF_WATCHASYNC_EDGDETECTVIAPOLLING))|(def(CONF_WATCHASYNC_PA)&!def(CONF_WATCHASYNC_EDGDETECTVIAPOLLING)))&((def(CONF_WATCHASYNC_PA)&!def(CONF_WATCHASYNC_EDGDETECTVIAPOLLING))|(def(CONF_WATCHASYNC_PB)&!def(CONF_WATCHASYNC_EDGDETECTVIAPOLLING))|((!def(CONF_WATCHASYNC_PB)|def(CONF_WATCHASYNC_EDGDETECTVIAPOLLING))&(!def(CONF_WATCHASYNC_PA)|def(CONF_WATCHASYNC_EDGDETECTVIAPOLLING))&def(CONF_WATCHASYNC_PC)&!def(CONF_WATCHASYNC_EDGDETECTVIAPOLLING)))&(!def(CONF_WATCHASYNC_PA)|def(CONF_WATCHASYNC_EDGDETECTVIAPOLLING))),True
(def(ZBUS_RAW_SUPPORT)&def(ROUTER_SUPPORT)),def(HAVE_ZBUS_RXTX_PIN)
(def(CLOCK_DATETIME_SUPPORT)&def(I2C_PCF8583_SUPPORT)),def(I2C_PCF8583_SUPPORT)
(!def(CONF_WATCHASYNC_EDGDETECTVIAPOLLING)&((def(CONF_WATCHASYNC_PC)&!def(CONF_WATCHASYNC_EDGDETECTVIAPOLLING))|(def(CONF_WATCHASYNC_PD)&!def(CONF_WATCHASYNC_EDGDETECTVIAPOLLING))|(def(CONF_WATCHASYNC_PB)&!def(CONF_WATCHASYNC_EDGDETECTVIAPOLLING))|(def(CONF_WATCHASYNC_PA)&!def(CONF_WATCHASYNC_EDGDETECTVIAPOLLING)))&!def(CONF_WATCHASYNC_SUMMARIZE)&!def(CONF_WATCHASYNC_TIMESTAMP)),True
def(I2C_PCA9531_SUPPORT),True
True,def(I2C_BMP085_SUPPORT)
def(NAMED_PIN_SUPPORT),def(PORTIO_SUPPORT)
def(MIME_SUPPORT),True
!def(DEBUG),(!def(DEBUG)&def(LARGESCREEN))
(def(ONEWIRE_DETECT_SUPPORT)&!def(ONEWIRE_POLLING_SUPPORT)),True
def(TCP_SUPPORT),True
def(TEENSY_SUPPORT),(def(RFM12_ASK_2272_SUPPORT)&def(TEENSY_SUPPORT))
def(ECMD_SCRIPT_AUTOSTART_SUPPORT),True
def(I2C_TSL2561_SUPPORT),True
def(TANKLEVEL_STARTUP),True
True,!def(DEBUG)
def(DNS_SUPPORT),True
def(TEENSY_SUPPORT),True
True,def(MENU_MOUSE_SUPPORT)
True,def(I2C_PCA9555_SUPPORT)
def(MCUF_MODUL_SUPPORT),True
def(I2C_DETECT_SUPPORT),True
def(MENU_MOUSE_SUPPORT),True
def(DNS_SUPPORT),!def(CONF_WATCHASYNC_SUMMARIZE)
def(USB_KEYBOARD_SUPPORT),def(I2C_TSL2550_SUPPORT)
def(DHT_LIST_ECMD_SUPPORT),True
(def(CONF_WATCHASYNC_SUMMARIZE)&(def(CONF_WATCHASYNC_EDGDETECTVIAPOLLING)|((!def(CONF_WATCHASYNC_PD)|def(CONF_WATCHASYNC_EDGDETECTVIAPOLLING))&(!def(CONF_WATCHASYNC_PC)|def(CONF_WATCHASYNC_EDGDETECTVIAPOLLING))&(!def(CONF_WATCHASYNC_PB)|def(CONF_WATCHASYNC_EDGDETECTVIAPOLLING))&(!def(CONF_WATCHASYNC_PA)|def(CONF_WATCHASYNC_EDGDETECTVIAPOLLING))))),True
(def(ONEWIRE_DETECT_SUPPORT)&!def(ONEWIRE_POLLING_SUPPORT)&(!def(ONEWIRE_DS2502_SUPPORT)|!def(ONEWIRE_DETECT_SUPPORT))),True
def(NTP_SUPPORT),True
def(SNMP_SUPPORT),def(TANKLEVEL_SUPPORT)
(!def(CONF_WATCHASYNC_EDGDETECTVIAPOLLING)&((def(CONF_WATCHASYNC_PC)&!def(CONF_WATCHASYNC_EDGDETECTVIAPOLLING))|(def(CONF_WATCHASYNC_PD)&!def(CONF_WATCHASYNC_EDGDETECTVIAPOLLING))|(def(CONF_WATCHASYNC_PB)&!def(CONF_WATCHASYNC_EDGDETECTVIAPOLLING))|(def(CONF_WATCHASYNC_PA)&!def(CONF_WATCHASYNC_EDGDETECTVIAPOLLING)))),(!def(CONF_WATCHASYNC_EDGDETECTVIAPOLLING)&((def(CONF_WATCHASYNC_PC)&!def(CONF_WATCHASYNC_EDGDETECTVIAPOLLING))|(def(CONF_WATCHASYNC_PD)&!def(CONF_WATCHASYNC_EDGDETECTVIAPOLLING))|(def(CONF_WATCHASYNC_PB)&!def(CONF_WATCHASYNC_EDGDETECTVIAPOLLING))|(def(CONF_WATCHASYNC_PA)&!def(CONF_WATCHASYNC_EDGDETECTVIAPOLLING)))&def(CONF_WATCHASYNC_TIMESTAMP))
((!def(CONF_WATCHASYNC_PD)|def(CONF_WATCHASYNC_EDGDETECTVIAPOLLING))&def(CONF_WATCHASYNC_TIMESTAMP)&(!def(CONF_WATCHASYNC_PB)|def(CONF_WATCHASYNC_EDGDETECTVIAPOLLING))&(def(CONF_WATCHASYNC_EDGDETECTVIAPOLLING)|((!def(CONF_WATCHASYNC_PD)|def(CONF_WATCHASYNC_EDGDETECTVIAPOLLING))&(!def(CONF_WATCHASYNC_PC)|def(CONF_WATCHASYNC_EDGDETECTVIAPOLLING))&(!def(CONF_WATCHASYNC_PB)|def(CONF_WATCHASYNC_EDGDETECTVIAPOLLING))&(!def(CONF_WATCHASYNC_PA)|def(CONF_WATCHASYNC_EDGDETECTVIAPOLLING))))&!def(CONF_WATCHASYNC_EDGDETECTVIAPOLLING)&(!def(CONF_WATCHASYNC_PC)|def(CONF_WATCHASYNC_EDGDETECTVIAPOLLING))&(!def(CONF_WATCHASYNC_PA)|def(CONF_WATCHASYNC_EDGDETECTVIAPOLLING))),True
def(DUAL_HBRIDGE_SUPPORT),(!def(DUAL_HBRIDGE_SUPPORT)&!def(HBRIDGE_INVERTER_SUPPORT))
def(CONF_WATCHASYNC_PB),(!def(CONF_WATCHASYNC_EDGDETECTVIAPOLLING)&((def(CONF_WATCHASYNC_PC)&!def(CONF_WATCHASYNC_EDGDETECTVIAPOLLING))|(def(CONF_WATCHASYNC_PD)&!def(CONF_WATCHASYNC_EDGDETECTVIAPOLLING))|(def(CONF_WATCHASYNC_PB)&!def(CONF_WATCHASYNC_EDGDETECTVIAPOLLING))|(def(CONF_WATCHASYNC_PA)&!def(CONF_WATCHASYNC_EDGDETECTVIAPOLLING)))&((def(CONF_WATCHASYNC_PA)&!def(CONF_WATCHASYNC_EDGDETECTVIAPOLLING))|(def(CONF_WATCHASYNC_PB)&!def(CONF_WATCHASYNC_EDGDETECTVIAPOLLING))|((!def(CONF_WATCHASYNC_PB)|def(CONF_WATCHASYNC_EDGDETECTVIAPOLLING))&(!def(CONF_WATCHASYNC_PA)|def(CONF_WATCHASYNC_EDGDETECTVIAPOLLING))&def(CONF_WATCHASYNC_PC)&!def(CONF_WATCHASYNC_EDGDETECTVIAPOLLING)))&(!def(CONF_WATCHASYNC_PA)|def(CONF_WATCHASYNC_EDGDETECTVIAPOLLING))&def(CONF_WATCHASYNC_PB))
True,def(I2C_TSL2561_SUPPORT)
!def(IPV6_STATIC_SUPPORT),def(ETHERNET_SUPPORT)
(def(ADC_VOLTAGE_SUPPORT)&def(ADC_SUPPORT)),def(SNMP_SUPPORT)
def(I2C_PCF8574X_SUPPORT),True
def(FS20_RECEIVE_SUPPORT),True
def(VFS_SD_SUPPORT),True
(def(CONF_WATCHASYNC_PB7)&!def(CONF_WATCHASYNC_EDGDETECTVIAPOLLING)&((def(CONF_WATCHASYNC_PC)&!def(CONF_WATCHASYNC_EDGDETECTVIAPOLLING))|(def(CONF_WATCHASYNC_PD)&!def(CONF_WATCHASYNC_EDGDETECTVIAPOLLING))|(def(CONF_WATCHASYNC_PB)&!def(CONF_WATCHASYNC_EDGDETECTVIAPOLLING))|(def(CONF_WATCHASYNC_PA)&!def(CONF_WATCHASYNC_EDGDETECTVIAPOLLING)))&((def(CONF_WATCHASYNC_PA)&!def(CONF_WATCHASYNC_EDGDETECTVIAPOLLING))|(def(CONF_WATCHASYNC_PB)&!def(CONF_WATCHASYNC_EDGDETECTVIAPOLLING))|((!def(CONF_WATCHASYNC_PB)|def(CONF_WATCHASYNC_EDGDETECTVIAPOLLING))&(!def(CONF_WATCHASYNC_PA)|def(CONF_WATCHASYNC_EDGDETECTVIAPOLLING))&def(CONF_WATCHASYNC_PC)&!def(CONF_WATCHASYNC_EDGDETECTVIAPOLLING)))&(!def(CONF_WATCHASYNC_PA)|def(CONF_WATCHASYNC_EDGDETECTVIAPOLLING))&def(CONF_WATCHASYNC_PB)),True
(!def(CONF_WATCHASYNC_EDGDETECTVIAPOLLING)&((def(CONF_WATCHASYNC_PC)&!def(CONF_WATCHASYNC_EDGDETECTVIAPOLLING))|(def(CONF_WATCHASYNC_PD)&!def(CONF_WATCHASYNC_EDGDETECTVIAPOLLING))|(def(CONF_WATCHASYNC_PB)&!def(CONF_WATCHASYNC_EDGDETECTVIAPOLLING))|(def(CONF_WATCHASYNC_PA)&!def(CONF_WATCHASYNC_EDGDETECTVIAPOLLING)))&((def(CONF_WATCHASYNC_PA)&!def(CONF_WATCHASYNC_EDGDETECTVIAPOLLING))|(def(CONF_WATCHASYNC_PB)&!def(CONF_WATCHASYNC_EDGDETECTVIAPOLLING))|((!def(CONF_WATCHASYNC_PB)|def(CONF_WATCHASYNC_EDGDETECTVIAPOLLING))&(!def(CONF_WATCHASYNC_PA)|def(CONF_WATCHASYNC_EDGDETECTVIAPOLLING))&def(CONF_WATCHASYNC_PC)&!def(CONF_WATCHASYNC_EDGDETECTVIAPOLLING)))&(!def(CONF_WATCHASYNC_PA)|def(CONF_WATCHASYNC_EDGDETECTVIAPOLLING))&def(CONF_WATCHASYNC_PB)&def(CONF_WATCHASYNC_PB0)),True
True,def(FREQCOUNT_DUTY_SUPPORT)
def(DCF77_SUPPORT),True
True,def(UDP_SUPPORT)
(def(USB_HID_KEYBOARD_SEQUENCE_SUPPORT)&def(USB_KEYBOARD_SUPPORT)),def(USB_KEYBOARD_SUPPORT)
def(CRON_SUPPORT_TEST),True
def(VFS_PWM_WAV_SUPPORT),True
(def(ADC_VOLTAGE_SUPPORT)&def(ADC_SUPPORT)),def(ADC_VOLTAGE_SUPPORT)
True,!def(HD44780_MULTIENSUPPORT)
(def(DEBUG_CRON)&!def(DEBUG_CRON_DRYRUN)),def(ALIASCMD_SUPPORT)
(!def(CONF_WATCHASYNC_SUMMARIZE)&!def(CONF_WATCHASYNC_TIMESTAMP)&(def(CONF_WATCHASYNC_EDGDETECTVIAPOLLING)|((!def(CONF_WATCHASYNC_PD)|def(CONF_WATCHASYNC_EDGDETECTVIAPOLLING))&(!def(CONF_WATCHASYNC_PC)|def(CONF_WATCHASYNC_EDGDETECTVIAPOLLING))&(!def(CONF_WATCHASYNC_PB)|def(CONF_WATCHASYNC_EDGDETECTVIAPOLLING))&(!def(CONF_WATCHASYNC_PA)|def(CONF_WATCHASYNC_EDGDETECTVIAPOLLING))))),True
def(VFS_EEPROM_SUPPORT),True
def(I2C_DS1631_SUPPORT),True
(def(IPV6_SUPPORT)&def(ETHERNET_SUPPORT)),def(ETHERNET_SUPPORT)
(def(CONF_WATCHASYNC_PD3)&((def(CONF_WATCHASYNC_PA)&!def(CONF_WATCHASYNC_EDGDETECTVIAPOLLING))|(def(CONF_WATCHASYNC_PB)&!def(CONF_WATCHASYNC_EDGDETECTVIAPOLLING))|!def(CONF_WATCHASYNC_PC)|def(CONF_WATCHASYNC_EDGDETECTVIAPOLLING))&(!def(CONF_WATCHASYNC_PB)|def(CONF_WATCHASYNC_EDGDETECTVIAPOLLING))&!def(CONF_WATCHASYNC_EDGDETECTVIAPOLLING)&(!def(CONF_WATCHASYNC_PC)|def(CONF_WATCHASYNC_EDGDETECTVIAPOLLING))&((def(CONF_WATCHASYNC_PC)&!def(CONF_WATCHASYNC_EDGDETECTVIAPOLLING))|(def(CONF_WATCHASYNC_PD)&!def(CONF_WATCHASYNC_EDGDETECTVIAPOLLING))|(def(CONF_WATCHASYNC_PB)&!def(CONF_WATCHASYNC_EDGDETECTVIAPOLLING))|(def(CONF_WATCHASYNC_PA)&!def(CONF_WATCHASYNC_EDGDETECTVIAPOLLING)))&(!def(CONF_WATCHASYNC_PA)|def(CONF_WATCHASYNC_EDGDETECTVIAPOLLING))&def(CONF_WATCHASYNC_PD)),True
def(ONEWIRE_SNMP_SUPPORT),def(SNMP_SUPPORT)
def(TFTP_CRC_SUPPORT),True
def(CONF_WATCHASYNC_PC),(def(CONF_WATCHASYNC_PC)&((def(CONF_WATCHASYNC_PA)&!def(CONF_WATCHASYNC_EDGDETECTVIAPOLLING))|(def(CONF_WATCHASYNC_PB)&!def(CONF_WATCHASYNC_EDGDETECTVIAPOLLING)))&!def(CONF_WATCHASYNC_EDGDETECTVIAPOLLING)&((def(CONF_WATCHASYNC_PC)&!def(CONF_WATCHASYNC_EDGDETECTVIAPOLLING))|(def(CONF_WATCHASYNC_PD)&!def(CONF_WATCHASYNC_EDGDETECTVIAPOLLING))|(def(CONF_WATCHASYNC_PB)&!def(CONF_WATCHASYNC_EDGDETECTVIAPOLLING))|(def(CONF_WATCHASYNC_PA)&!def(CONF_WATCHASYNC_EDGDETECTVIAPOLLING)))&((def(CONF_WATCHASYNC_PA)&!def(CONF_WATCHASYNC_EDGDETECTVIAPOLLING))|(def(CONF_WATCHASYNC_PB)&!def(CONF_WATCHASYNC_EDGDETECTVIAPOLLING))|((!def(CONF_WATCHASYNC_PB)|def(CONF_WATCHASYNC_EDGDETECTVIAPOLLING))&(!def(CONF_WATCHASYNC_PA)|def(CONF_WATCHASYNC_EDGDETECTVIAPOLLING))&def(CONF_WATCHASYNC_PC)&!def(CONF_WATCHASYNC_EDGDETECTVIAPOLLING))))
True,def(PWM_SERVO_SUPPORT)
def(GLCDMENU_S1D13305),True
!def(HD44780_MULTIENSUPPORT),def(HD44780_READBACK)
(((def(CONF_WATCHASYNC_PA)&!def(CONF_WATCHASYNC_EDGDETECTVIAPOLLING))|(def(CONF_WATCHASYNC_PB)&!def(CONF_WATCHASYNC_EDGDETECTVIAPOLLING))|!def(CONF_WATCHASYNC_PC)|def(CONF_WATCHASYNC_EDGDETECTVIAPOLLING))&(!def(CONF_WATCHASYNC_PB)|def(CONF_WATCHASYNC_EDGDETECTVIAPOLLING))&!def(CONF_WATCHASYNC_EDGDETECTVIAPOLLING)&def(CONF_WATCHASYNC_PD0)&(!def(CONF_WATCHASYNC_PC)|def(CONF_WATCHASYNC_EDGDETECTVIAPOLLING))&((def(CONF_WATCHASYNC_PC)&!def(CONF_WATCHASYNC_EDGDETECTVIAPOLLING))|(def(CONF_WATCHASYNC_PD)&!def(CONF_WATCHASYNC_EDGDETECTVIAPOLLING))|(def(CONF_WATCHASYNC_PB)&!def(CONF_WATCHASYNC_EDGDETECTVIAPOLLING))|(def(CONF_WATCHASYNC_PA)&!def(CONF_WATCHASYNC_EDGDETECTVIAPOLLING)))&(!def(CONF_WATCHASYNC_PA)|def(CONF_WATCHASYNC_EDGDETECTVIAPOLLING))&def(CONF_WATCHASYNC_PD)),True
def(MODBUS_CLIENT_SUPPORT),def(I2C_TSL2550_SUPPORT)
!def(DEBUG),(def(LARGESCREEN)&def(DEBUG))
def(VFS_SUPPORT),True
True,!def(GUI_SUPPORT)
def(SNMP_SUPPORT),(def(ADC_VOLTAGE_SUPPORT)&def(ADC_SUPPORT))
def(UDP_SUPPORT),True
(def(I2C_BMP085_BAROCALC_SUPPORT)&!def(ECMD_MIRROR_REQUEST)&(!def(ECMD_MIRROR_REQUEST)|!def(I2C_BMP085_BAROCALC_SUPPORT))),True
def(I2C_PCF8583_SUPPORT),True
(!def(CONF_WATCHASYNC_EDGDETECTVIAPOLLING)&((def(CONF_WATCHASYNC_PC)&!def(CONF_WATCHASYNC_EDGDETECTVIAPOLLING))|(def(CONF_WATCHASYNC_PD)&!def(CONF_WATCHASYNC_EDGDETECTVIAPOLLING))|(def(CONF_WATCHASYNC_PB)&!def(CONF_WATCHASYNC_EDGDETECTVIAPOLLING))|(def(CONF_WATCHASYNC_PA)&!def(CONF_WATCHASYNC_EDGDETECTVIAPOLLING)))&((def(CONF_WATCHASYNC_PA)&!def(CONF_WATCHASYNC_EDGDETECTVIAPOLLING))|(def(CONF_WATCHASYNC_PB)&!def(CONF_WATCHASYNC_EDGDETECTVIAPOLLING))|((!def(CONF_WATCHASYNC_PB)|def(CONF_WATCHASYNC_EDGDETECTVIAPOLLING))&(!def(CONF_WATCHASYNC_PA)|def(CONF_WATCHASYNC_EDGDETECTVIAPOLLING))&def(CONF_WATCHASYNC_PC)&!def(CONF_WATCHASYNC_EDGDETECTVIAPOLLING)))&(!def(CONF_WATCHASYNC_PA)|def(CONF_WATCHASYNC_EDGDETECTVIAPOLLING))&def(CONF_WATCHASYNC_PB)&def(CONF_WATCHASYNC_PB1)),True
((def(CONF_WATCHASYNC_SUMMARIZE)|def(CONF_WATCHASYNC_TIMESTAMP))&(def(CONF_WATCHASYNC_EDGDETECTVIAPOLLING)|((!def(CONF_WATCHASYNC_PD)|def(CONF_WATCHASYNC_EDGDETECTVIAPOLLING))&(!def(CONF_WATCHASYNC_PC)|def(CONF_WATCHASYNC_EDGDETECTVIAPOLLING))&(!def(CONF_WATCHASYNC_PB)|def(CONF_WATCHASYNC_EDGDETECTVIAPOLLING))&(!def(CONF_WATCHASYNC_PA)|def(CONF_WATCHASYNC_EDGDETECTVIAPOLLING))))),True
True,def(LARGESCREEN)
def(MCUF_SCROLLTEXT_SUPPORT),True
!def(DEBUG),True
(def(DHT_LIST_WITH_VALUES_CMD_SUPPORT)&def(DHT_LIST_ECMD_SUPPORT)),True
!def(DNS_SUPPORT),True
def(DATAFLASH_SUPPORT),True
True,def(DEBUG)
True,def(I2C_LM75_SUPPORT)
def(TANKLEVEL_SUPPORT),def(SNMP_SUPPORT)
def(SNMP_SUPPORT),def(ADC_VOLTAGE_SUPPORT)
(((def(CONF_WATCHASYNC_PA)&!def(CONF_WATCHASYNC_EDGDETECTVIAPOLLING))|(def(CONF_WATCHASYNC_PB)&!def(CONF_WATCHASYNC_EDGDETECTVIAPOLLING)))&def(CONF_WATCHASYNC_PA)&!def(CONF_WATCHASYNC_EDGDETECTVIAPOLLING)&((def(CONF_WATCHASYNC_PC)&!def(CONF_WATCHASYNC_EDGDETECTVIAPOLLING))|(def(CONF_WATCHASYNC_PD)&!def(CONF_WATCHASYNC_EDGDETECTVIAPOLLING))|(def(CONF_WATCHASYNC_PB)&!def(CONF_WATCHASYNC_EDGDETECTVIAPOLLING))|(def(CONF_WATCHASYNC_PA)&!def(CONF_WATCHASYNC_EDGDETECTVIAPOLLING)))&((def(CONF_WATCHASYNC_PA)&!def(CONF_WATCHASYNC_EDGDETECTVIAPOLLING))|(def(CONF_WATCHASYNC_PB)&!def(CONF_WATCHASYNC_EDGDETECTVIAPOLLING))|((!def(CONF_WATCHASYNC_PB)|def(CONF_WATCHASYNC_EDGDETECTVIAPOLLING))&(!def(CONF_WATCHASYNC_PA)|def(CONF_WATCHASYNC_EDGDETECTVIAPOLLING))&def(CONF_WATCHASYNC_PC)&!def(CONF_WATCHASYNC_EDGDETECTVIAPOLLING)))&def(CONF_WATCHASYNC_PA7)),True
((def(CONF_WATCHASYNC_SUMMARIZE)&!def(CONF_WATCHASYNC_SENDEND))|(def(CONF_WATCHASYNC_SENDEND)&def(CONF_WATCHASYNC_SUMMARIZE)&((!def(CONF_WATCHASYNC_EDGDETECTVIAPOLLING)&((def(CONF_WATCHASYNC_PC)&!def(CONF_WATCHASYNC_EDGDETECTVIAPOLLING))|(def(CONF_WATCHASYNC_PD)&!def(CONF_WATCHASYNC_EDGDETECTVIAPOLLING))|(def(CONF_WATCHASYNC_PB)&!def(CONF_WATCHASYNC_EDGDETECTVIAPOLLING))|(def(CONF_WATCHASYNC_PA)&!def(CONF_WATCHASYNC_EDGDETECTVIAPOLLING))))|((!def(CONF_WATCHASYNC_PD)|def(CONF_WATCHASYNC_EDGDETECTVIAPOLLING))&(!def(CONF_WATCHASYNC_PB)|def(CONF_WATCHASYNC_EDGDETECTVIAPOLLING))&!def(CONF_WATCHASYNC_EDGDETECTVIAPOLLING)&(!def(CONF_WATCHASYNC_PC)|def(CONF_WATCHASYNC_EDGDETECTVIAPOLLING))&(!def(CONF_WATCHASYNC_PA)|def(CONF_WATCHASYNC_EDGDETECTVIAPOLLING)))))),!def(DNS_SUPPORT)
def(PWM_SERVO_SUPPORT),True
def(I2C_BMP085_BAROCALC_SUPPORT),(def(I2C_BMP085_BAROCALC_SUPPORT)&def(I2C_BMP085_SUPPORT))
(!def(CONF_WATCHASYNC_EDGDETECTVIAPOLLING)&def(CONF_WATCHASYNC_PD0)&((def(CONF_WATCHASYNC_PC)&!def(CONF_WATCHASYNC_EDGDETECTVIAPOLLING))|(def(CONF_WATCHASYNC_PD)&!def(CONF_WATCHASYNC_EDGDETECTVIAPOLLING))|(def(CONF_WATCHASYNC_PB)&!def(CONF_WATCHASYNC_EDGDETECTVIAPOLLING))|(def(CONF_WATCHASYNC_PA)&!def(CONF_WATCHASYNC_EDGDETECTVIAPOLLING)))&((def(CONF_WATCHASYNC_PA)&!def(CONF_WATCHASYNC_EDGDETECTVIAPOLLING))|(def(CONF_WATCHASYNC_PB)&!def(CONF_WATCHASYNC_EDGDETECTVIAPOLLING))|((!def(CONF_WATCHASYNC_PB)|def(CONF_WATCHASYNC_EDGDETECTVIAPOLLING))&(!def(CONF_WATCHASYNC_PA)|def(CONF_WATCHASYNC_EDGDETECTVIAPOLLING))&def(CONF_WATCHASYNC_PC)&!def(CONF_WATCHASYNC_EDGDETECTVIAPOLLING)))&def(CONF_WATCHASYNC_PD)),True
(def(CONF_WATCHASYNC_PC)&((def(CONF_WATCHASYNC_PA)&!def(CONF_WATCHASYNC_EDGDETECTVIAPOLLING))|(def(CONF_WATCHASYNC_PB)&!def(CONF_WATCHASYNC_EDGDETECTVIAPOLLING)))&!def(CONF_WATCHASYNC_EDGDETECTVIAPOLLING)&((def(CONF_WATCHASYNC_PC)&!def(CONF_WATCHASYNC_EDGDETECTVIAPOLLING))|(def(CONF_WATCHASYNC_PD)&!def(CONF_WATCHASYNC_EDGDETECTVIAPOLLING))|(def(CONF_WATCHASYNC_PB)&!def(CONF_WATCHASYNC_EDGDETECTVIAPOLLING))|(def(CONF_WATCHASYNC_PA)&!def(CONF_WATCHASYNC_EDGDETECTVIAPOLLING)))&((def(CONF_WATCHASYNC_PA)&!def(CONF_WATCHASYNC_EDGDETECTVIAPOLLING))|(def(CONF_WATCHASYNC_PB)&!def(CONF_WATCHASYNC_EDGDETECTVIAPOLLING))|((!def(CONF_WATCHASYNC_PB)|def(CONF_WATCHASYNC_EDGDETECTVIAPOLLING))&(!def(CONF_WATCHASYNC_PA)|def(CONF_WATCHASYNC_EDGDETECTVIAPOLLING))&def(CONF_WATCHASYNC_PC)&!def(CONF_WATCHASYNC_EDGDETECTVIAPOLLING)))&def(CONF_WATCHASYNC_PC7)),True
(!def(CONF_WATCHASYNC_EDGDETECTVIAPOLLING)&((def(CONF_WATCHASYNC_PC)&!def(CONF_WATCHASYNC_EDGDETECTVIAPOLLING))|(def(CONF_WATCHASYNC_PD)&!def(CONF_WATCHASYNC_EDGDETECTVIAPOLLING))|(def(CONF_WATCHASYNC_PB)&!def(CONF_WATCHASYNC_EDGDETECTVIAPOLLING))|(def(CONF_WATCHASYNC_PA)&!def(CONF_WATCHASYNC_EDGDETECTVIAPOLLING)))&((def(CONF_WATCHASYNC_PA)&!def(CONF_WATCHASYNC_EDGDETECTVIAPOLLING))|(def(CONF_WATCHASYNC_PB)&!def(CONF_WATCHASYNC_EDGDETECTVIAPOLLING))|((!def(CONF_WATCHASYNC_PB)|def(CONF_WATCHASYNC_EDGDETECTVIAPOLLING))&(!def(CONF_WATCHASYNC_PA)|def(CONF_WATCHASYNC_EDGDETECTVIAPOLLING))&def(CONF_WATCHASYNC_PC)&!def(CONF_WATCHASYNC_EDGDETECTVIAPOLLING)))&def(CONF_WATCHASYNC_PD7)&def(CONF_WATCHASYNC_PD)),True
(def(ECMD_MIRROR_REQUEST)&def(I2C_BMP085_BAROCALC_SUPPORT)),True
def(HAVE_SD_READER_POWERON),True
True,def(STATUSLED_ZBUS_TX_SUPPORT)
def(EMS_DEBUG_STATS),True
True,def(ETHERNET_SUPPORT)
def(GLCDMENU_MOUSE_SUPPORT),def(MENU_MOUSE_SUPPORT)
((!def(CONF_WATCHASYNC_PB)|def(CONF_WATCHASYNC_EDGDETECTVIAPOLLING))&!def(CONF_WATCHASYNC_EDGDETECTVIAPOLLING)&((def(CONF_WATCHASYNC_PC)&!def(CONF_WATCHASYNC_EDGDETECTVIAPOLLING))|(def(CONF_WATCHASYNC_PD)&!def(CONF_WATCHASYNC_EDGDETECTVIAPOLLING))|(def(CONF_WATCHASYNC_PB)&!def(CONF_WATCHASYNC_EDGDETECTVIAPOLLING))|(def(CONF_WATCHASYNC_PA)&!def(CONF_WATCHASYNC_EDGDETECTVIAPOLLING)))&((def(CONF_WATCHASYNC_PA)&!def(CONF_WATCHASYNC_EDGDETECTVIAPOLLING))|(def(CONF_WATCHASYNC_PB)&!def(CONF_WATCHASYNC_EDGDETECTVIAPOLLING))|((!def(CONF_WATCHASYNC_PB)|def(CONF_WATCHASYNC_EDGDETECTVIAPOLLING))&(!def(CONF_WATCHASYNC_PA)|def(CONF_WATCHASYNC_EDGDETECTVIAPOLLING))&def(CONF_WATCHASYNC_PC)&!def(CONF_WATCHASYNC_EDGDETECTVIAPOLLING)))&(!def(CONF_WATCHASYNC_PA)|def(CONF_WATCHASYNC_EDGDETECTVIAPOLLING))),def(CONF_WATCHASYNC_PC)
def(STATUSLED_EMS_TX_SUPPORT),True
True,def(DEBUG_YPORT)
def(DEBUG),!def(DEBUG)
(!def(CONF_WATCHASYNC_EDGDETECTVIAPOLLING)&((def(CONF_WATCHASYNC_PC)&!def(CONF_WATCHASYNC_EDGDETECTVIAPOLLING))|(def(CONF_WATCHASYNC_PD)&!def(CONF_WATCHASYNC_EDGDETECTVIAPOLLING))|(def(CONF_WATCHASYNC_PB)&!def(CONF_WATCHASYNC_EDGDETECTVIAPOLLING))|(def(CONF_WATCHASYNC_PA)&!def(CONF_WATCHASYNC_EDGDETECTVIAPOLLING)))&def(CONF_WATCHASYNC_TIMESTAMP)),True
(def(CONF_WATCHASYNC_PC)&((def(CONF_WATCHASYNC_PA)&!def(CONF_WATCHASYNC_EDGDETECTVIAPOLLING))|(def(CONF_WATCHASYNC_PB)&!def(CONF_WATCHASYNC_EDGDETECTVIAPOLLING)))&!def(CONF_WATCHASYNC_EDGDETECTVIAPOLLING)&((def(CONF_WATCHASYNC_PC)&!def(CONF_WATCHASYNC_EDGDETECTVIAPOLLING))|(def(CONF_WATCHASYNC_PD)&!def(CONF_WATCHASYNC_EDGDETECTVIAPOLLING))|(def(CONF_WATCHASYNC_PB)&!def(CONF_WATCHASYNC_EDGDETECTVIAPOLLING))|(def(CONF_WATCHASYNC_PA)&!def(CONF_WATCHASYNC_EDGDETECTVIAPOLLING)))&((def(CONF_WATCHASYNC_PA)&!def(CONF_WATCHASYNC_EDGDETECTVIAPOLLING))|(def(CONF_WATCHASYNC_PB)&!def(CONF_WATCHASYNC_EDGDETECTVIAPOLLING))|((!def(CONF_WATCHASYNC_PB)|def(CONF_WATCHASYNC_EDGDETECTVIAPOLLING))&(!def(CONF_WATCHASYNC_PA)|def(CONF_WATCHASYNC_EDGDETECTVIAPOLLING))&def(CONF_WATCHASYNC_PC)&!def(CONF_WATCHASYNC_EDGDETECTVIAPOLLING)))),def(CONF_WATCHASYNC_PC)
(!def(CONF_WATCHASYNC_EDGDETECTVIAPOLLING)&((def(CONF_WATCHASYNC_PC)&!def(CONF_WATCHASYNC_EDGDETECTVIAPOLLING))|(def(CONF_WATCHASYNC_PD)&!def(CONF_WATCHASYNC_EDGDETECTVIAPOLLING))|(def(CONF_WATCHASYNC_PB)&!def(CONF_WATCHASYNC_EDGDETECTVIAPOLLING))|(def(CONF_WATCHASYNC_PA)&!def(CONF_WATCHASYNC_EDGDETECTVIAPOLLING)))&def(CONF_WATCHASYNC_SUMMARIZE)),True
def(FREQCOUNT_DUTY_SUPPORT),True
(def(DHT_LIST_WITH_VALUES_CMD_SUPPORT)&def(DHT_LIST_ECMD_SUPPORT)),(def(DHT_LIST_ECMD_SUPPORT)&!def(DHT_LIST_WITH_VALUES_CMD_SUPPORT)&(!def(DHT_LIST_WITH_VALUES_CMD_SUPPORT)|!def(DHT_LIST_ECMD_SUPPORT)))
def(S0BRIDGE_SUPPORT),True
def(HD44780_BACKLIGHT_SUPPORT),True
(!def(DEBUG_CRON_DRYRUN)&!def(DEBUG_CRON)),def(ALIASCMD_SUPPORT)
(def(USB_HID_KEYBOARD_SEQUENCE_SUPPORT)&def(USB_KEYBOARD_SUPPORT)),True
(def(USB_MOUSE_SEQUENCE_SUPPORT)&def(USB_MOUSE_SUPPORT)),def(USB_MOUSE_SUPPORT)
def(LOME6_ONEWIRE_SUPPORT),True
def(TANKLEVEL_SUPPORT),True
def(HAVE_HD44780_RW),True
def(ADC_SUPPORT),True
(def(CONF_WATCHASYNC_PC)&(!def(CONF_WATCHASYNC_PB)|def(CONF_WATCHASYNC_EDGDETECTVIAPOLLING))&!def(CONF_WATCHASYNC_EDGDETECTVIAPOLLING)&((def(CONF_WATCHASYNC_PC)&!def(CONF_WATCHASYNC_EDGDETECTVIAPOLLING))|(def(CONF_WATCHASYNC_PD)&!def(CONF_WATCHASYNC_EDGDETECTVIAPOLLING))|(def(CONF_WATCHASYNC_PB)&!def(CONF_WATCHASYNC_EDGDETECTVIAPOLLING))|(def(CONF_WATCHASYNC_PA)&!def(CONF_WATCHASYNC_EDGDETECTVIAPOLLING)))&((def(CONF_WATCHASYNC_PA)&!def(CONF_WATCHASYNC_EDGDETECTVIAPOLLING))|(def(CONF_WATCHASYNC_PB)&!def(CONF_WATCHASYNC_EDGDETECTVIAPOLLING))|((!def(CONF_WATCHASYNC_PB)|def(CONF_WATCHASYNC_EDGDETECTVIAPOLLING))&(!def(CONF_WATCHASYNC_PA)|def(CONF_WATCHASYNC_EDGDETECTVIAPOLLING))&def(CONF_WATCHASYNC_PC)&!def(CONF_WATCHASYNC_EDGDETECTVIAPOLLING)))&(!def(CONF_WATCHASYNC_PA)|def(CONF_WATCHASYNC_EDGDETECTVIAPOLLING))&def(CONF_WATCHASYNC_PC3)),True
(def(IPV6_SUPPORT)&def(ETHERNET_SUPPORT)),True
def(CRON_PERSIST_SUPPORT),(def(CRON_VFS_SUPPORT)&def(CRON_PERSIST_SUPPORT))
(!def(CONF_WATCHASYNC_SUMMARIZE)&(def(CONF_WATCHASYNC_EDGDETECTVIAPOLLING)|((!def(CONF_WATCHASYNC_PD)|def(CONF_WATCHASYNC_EDGDETECTVIAPOLLING))&(!def(CONF_WATCHASYNC_PC)|def(CONF_WATCHASYNC_EDGDETECTVIAPOLLING))&(!def(CONF_WATCHASYNC_PB)|def(CONF_WATCHASYNC_EDGDETECTVIAPOLLING))&(!def(CONF_WATCHASYNC_PA)|def(CONF_WATCHASYNC_EDGDETECTVIAPOLLING))))),True
def(STATUSLED_HAVE_EMS_RX_FAIL_SUPPORT),True
def(ONEWIRE_SNMP_SUPPORT),True
def(HD44780_READBACK),True
(((def(CONF_WATCHASYNC_PA)&!def(CONF_WATCHASYNC_EDGDETECTVIAPOLLING))|(def(CONF_WATCHASYNC_PB)&!def(CONF_WATCHASYNC_EDGDETECTVIAPOLLING)))&def(CONF_WATCHASYNC_PA)&!def(CONF_WATCHASYNC_EDGDETECTVIAPOLLING)&def(CONF_WATCHASYNC_PB3)&((def(CONF_WATCHASYNC_PC)&!def(CONF_WATCHASYNC_EDGDETECTVIAPOLLING))|(def(CONF_WATCHASYNC_PD)&!def(CONF_WATCHASYNC_EDGDETECTVIAPOLLING))|(def(CONF_WATCHASYNC_PB)&!def(CONF_WATCHASYNC_EDGDETECTVIAPOLLING))|(def(CONF_WATCHASYNC_PA)&!def(CONF_WATCHASYNC_EDGDETECTVIAPOLLING)))&((def(CONF_WATCHASYNC_PA)&!def(CONF_WATCHASYNC_EDGDETECTVIAPOLLING))|(def(CONF_WATCHASYNC_PB)&!def(CONF_WATCHASYNC_EDGDETECTVIAPOLLING))|((!def(CONF_WATCHASYNC_PB)|def(CONF_WATCHASYNC_EDGDETECTVIAPOLLING))&(!def(CONF_WATCHASYNC_PA)|def(CONF_WATCHASYNC_EDGDETECTVIAPOLLING))&def(CONF_WATCHASYNC_PC)&!def(CONF_WATCHASYNC_EDGDETECTVIAPOLLING)))&def(CONF_WATCHASYNC_PB)),True
!def(DC3840_BLACK_WHITE),True
True,!def(CONF_WATCHASYNC_SUMMARIZE)
(def(CONF_WATCHASYNC_EDGDETECTVIAPOLLING)|((!def(CONF_WATCHASYNC_PD)|def(CONF_WATCHASYNC_EDGDETECTVIAPOLLING))&(!def(CONF_WATCHASYNC_PC)|def(CONF_WATCHASYNC_EDGDETECTVIAPOLLING))&(!def(CONF_WATCHASYNC_PB)|def(CONF_WATCHASYNC_EDGDETECTVIAPOLLING))&(!def(CONF_WATCHASYNC_PA)|def(CONF_WATCHASYNC_EDGDETECTVIAPOLLING)))),True
((def(CONF_WATCHASYNC_SUMMARIZE)|def(CONF_WATCHASYNC_TIMESTAMP))&!def(CONF_WATCHASYNC_EDGDETECTVIAPOLLING)&((def(CONF_WATCHASYNC_PC)&!def(CONF_WATCHASYNC_EDGDETECTVIAPOLLING))|(def(CONF_WATCHASYNC_PD)&!def(CONF_WATCHASYNC_EDGDETECTVIAPOLLING))|(def(CONF_WATCHASYNC_PB)&!def(CONF_WATCHASYNC_EDGDETECTVIAPOLLING))|(def(CONF_WATCHASYNC_PA)&!def(CONF_WATCHASYNC_EDGDETECTVIAPOLLING)))&def(CONF_WATCHASYNC_SUMMARIZE)&!def(CONF_WATCHASYNC_TIMESTAMP)),True
(def(ONEWIRE_NAMING_SUPPORT)&def(ONEWIRE_SNMP_SUPPORT)),True
def(MOTORCURTAIN_SUPPORT),True
(def(CONF_WATCHASYNC_PC)&((def(CONF_WATCHASYNC_PA)&!def(CONF_WATCHASYNC_EDGDETECTVIAPOLLING))|(def(CONF_WATCHASYNC_PB)&!def(CONF_WATCHASYNC_EDGDETECTVIAPOLLING)))&!def(CONF_WATCHASYNC_EDGDETECTVIAPOLLING)&def(CONF_WATCHASYNC_PC4)&((def(CONF_WATCHASYNC_PC)&!def(CONF_WATCHASYNC_EDGDETECTVIAPOLLING))|(def(CONF_WATCHASYNC_PD)&!def(CONF_WATCHASYNC_EDGDETECTVIAPOLLING))|(def(CONF_WATCHASYNC_PB)&!def(CONF_WATCHASYNC_EDGDETECTVIAPOLLING))|(def(CONF_WATCHASYNC_PA)&!def(CONF_WATCHASYNC_EDGDETECTVIAPOLLING)))&((def(CONF_WATCHASYNC_PA)&!def(CONF_WATCHASYNC_EDGDETECTVIAPOLLING))|(def(CONF_WATCHASYNC_PB)&!def(CONF_WATCHASYNC_EDGDETECTVIAPOLLING))|((!def(CONF_WATCHASYNC_PB)|def(CONF_WATCHASYNC_EDGDETECTVIAPOLLING))&(!def(CONF_WATCHASYNC_PA)|def(CONF_WATCHASYNC_EDGDETECTVIAPOLLING))&def(CONF_WATCHASYNC_PC)&!def(CONF_WATCHASYNC_EDGDETECTVIAPOLLING)))),True
def(I2C_BMP085_SUPPORT),True
(!def(CONF_WATCHASYNC_EDGDETECTVIAPOLLING)&((def(CONF_WATCHASYNC_PC)&!def(CONF_WATCHASYNC_EDGDETECTVIAPOLLING))|(def(CONF_WATCHASYNC_PD)&!def(CONF_WATCHASYNC_EDGDETECTVIAPOLLING))|(def(CONF_WATCHASYNC_PB)&!def(CONF_WATCHASYNC_EDGDETECTVIAPOLLING))|(def(CONF_WATCHASYNC_PA)&!def(CONF_WATCHASYNC_EDGDETECTVIAPOLLING)))),True
!def(FREQCOUNT_SUPPORT),True
!def(SGC_ECMD_SEND_SUPPORT),True
(def(CONF_WATCHASYNC_PC)&((def(CONF_WATCHASYNC_PA)&!def(CONF_WATCHASYNC_EDGDETECTVIAPOLLING))|(def(CONF_WATCHASYNC_PB)&!def(CONF_WATCHASYNC_EDGDETECTVIAPOLLING)))&!def(CONF_WATCHASYNC_EDGDETECTVIAPOLLING)&((def(CONF_WATCHASYNC_PC)&!def(CONF_WATCHASYNC_EDGDETECTVIAPOLLING))|(def(CONF_WATCHASYNC_PD)&!def(CONF_WATCHASYNC_EDGDETECTVIAPOLLING))|(def(CONF_WATCHASYNC_PB)&!def(CONF_WATCHASYNC_EDGDETECTVIAPOLLING))|(def(CONF_WATCHASYNC_PA)&!def(CONF_WATCHASYNC_EDGDETECTVIAPOLLING)))&((def(CONF_WATCHASYNC_PA)&!def(CONF_WATCHASYNC_EDGDETECTVIAPOLLING))|(def(CONF_WATCHASYNC_PB)&!def(CONF_WATCHASYNC_EDGDETECTVIAPOLLING))|((!def(CONF_WATCHASYNC_PB)|def(CONF_WATCHASYNC_EDGDETECTVIAPOLLING))&(!def(CONF_WATCHASYNC_PA)|def(CONF_WATCHASYNC_EDGDETECTVIAPOLLING))&def(CONF_WATCHASYNC_PC)&!def(CONF_WATCHASYNC_EDGDETECTVIAPOLLING)))&def(CONF_WATCHASYNC_PC3)),True
True,def(PORTIO_SUPPORT)
(def(LARGESCREEN)&def(MENU_MOUSE_SUPPORT)),True
True,(def(MCUF_CLEAN_SUPPORT)&def(MCUF_MODUL_SUPPORT)&((def(MCUF_SPIRAL_SUPPORT)&def(MCUF_MODUL_SUPPORT))|(def(MCUF_CLEAN_SUPPORT)&def(MCUF_MODUL_SUPPORT))))
(def(USB_HID_KEYBOARD_ECMD_SUPPORT)&def(USB_KEYBOARD_SUPPORT)),def(USB_KEYBOARD_SUPPORT)
def(ECMD_USB_SUPPORT),def(I2C_TSL2550_SUPPORT)
(((def(CONF_WATCHASYNC_PA)&!def(CONF_WATCHASYNC_EDGDETECTVIAPOLLING))|(def(CONF_WATCHASYNC_PB)&!def(CONF_WATCHASYNC_EDGDETECTVIAPOLLING))|!def(CONF_WATCHASYNC_PC)|def(CONF_WATCHASYNC_EDGDETECTVIAPOLLING))&(!def(CONF_WATCHASYNC_PB)|def(CONF_WATCHASYNC_EDGDETECTVIAPOLLING))&!def(CONF_WATCHASYNC_EDGDETECTVIAPOLLING)&((def(CONF_WATCHASYNC_PC)&!def(CONF_WATCHASYNC_EDGDETECTVIAPOLLING))|(def(CONF_WATCHASYNC_PD)&!def(CONF_WATCHASYNC_EDGDETECTVIAPOLLING))|(def(CONF_WATCHASYNC_PB)&!def(CONF_WATCHASYNC_EDGDETECTVIAPOLLING))|(def(CONF_WATCHASYNC_PA)&!def(CONF_WATCHASYNC_EDGDETECTVIAPOLLING)))&(!def(CONF_WATCHASYNC_PA)|def(CONF_WATCHASYNC_EDGDETECTVIAPOLLING))),def(CONF_WATCHASYNC_PD)
(def(CONF_WATCHASYNC_PC)&((def(CONF_WATCHASYNC_PA)&!def(CONF_WATCHASYNC_EDGDETECTVIAPOLLING))|(def(CONF_WATCHASYNC_PB)&!def(CONF_WATCHASYNC_EDGDETECTVIAPOLLING)))&!def(CONF_WATCHASYNC_EDGDETECTVIAPOLLING)&def(CONF_WATCHASYNC_PC1)&((def(CONF_WATCHASYNC_PC)&!def(CONF_WATCHASYNC_EDGDETECTVIAPOLLING))|(def(CONF_WATCHASYNC_PD)&!def(CONF_WATCHASYNC_EDGDETECTVIAPOLLING))|(def(CONF_WATCHASYNC_PB)&!def(CONF_WATCHASYNC_EDGDETECTVIAPOLLING))|(def(CONF_WATCHASYNC_PA)&!def(CONF_WATCHASYNC_EDGDETECTVIAPOLLING)))&((def(CONF_WATCHASYNC_PA)&!def(CONF_WATCHASYNC_EDGDETECTVIAPOLLING))|(def(CONF_WATCHASYNC_PB)&!def(CONF_WATCHASYNC_EDGDETECTVIAPOLLING))|((!def(CONF_WATCHASYNC_PB)|def(CONF_WATCHASYNC_EDGDETECTVIAPOLLING))&(!def(CONF_WATCHASYNC_PA)|def(CONF_WATCHASYNC_EDGDETECTVIAPOLLING))&def(CONF_WATCHASYNC_PC)&!def(CONF_WATCHASYNC_EDGDETECTVIAPOLLING)))),True
True,def(LCD_BACKLIGHT_SUPPORT)
def(DHT_LIST_ECMD_SUPPORT),(def(DHT_LIST_WITH_VALUES_CMD_SUPPORT)&def(DHT_LIST_ECMD_SUPPORT))
(def(FS20_RECEIVE_WS300_SUPPORT)&def(FS20_RECEIVE_SUPPORT)&def(ECMD_MIRROR_REQUEST)),True
def(CONF_WATCHASYNC_PC),((!def(CONF_WATCHASYNC_PB)|def(CONF_WATCHASYNC_EDGDETECTVIAPOLLING))&!def(CONF_WATCHASYNC_EDGDETECTVIAPOLLING)&((def(CONF_WATCHASYNC_PC)&!def(CONF_WATCHASYNC_EDGDETECTVIAPOLLING))|(def(CONF_WATCHASYNC_PD)&!def(CONF_WATCHASYNC_EDGDETECTVIAPOLLING))|(def(CONF_WATCHASYNC_PB)&!def(CONF_WATCHASYNC_EDGDETECTVIAPOLLING))|(def(CONF_WATCHASYNC_PA)&!def(CONF_WATCHASYNC_EDGDETECTVIAPOLLING)))&((def(CONF_WATCHASYNC_PA)&!def(CONF_WATCHASYNC_EDGDETECTVIAPOLLING))|(def(CONF_WATCHASYNC_PB)&!def(CONF_WATCHASYNC_EDGDETECTVIAPOLLING))|((!def(CONF_WATCHASYNC_PB)|def(CONF_WATCHASYNC_EDGDETECTVIAPOLLING))&(!def(CONF_WATCHASYNC_PA)|def(CONF_WATCHASYNC_EDGDETECTVIAPOLLING))&def(CONF_WATCHASYNC_PC)&!def(CONF_WATCHASYNC_EDGDETECTVIAPOLLING)))&(!def(CONF_WATCHASYNC_PA)|def(CONF_WATCHASYNC_EDGDETECTVIAPOLLING)))
(!def(CONF_WATCHASYNC_EDGDETECTVIAPOLLING)&((def(CONF_WATCHASYNC_PC)&!def(CONF_WATCHASYNC_EDGDETECTVIAPOLLING))|(def(CONF_WATCHASYNC_PD)&!def(CONF_WATCHASYNC_EDGDETECTVIAPOLLING))|(def(CONF_WATCHASYNC_PB)&!def(CONF_WATCHASYNC_EDGDETECTVIAPOLLING))|(def(CONF_WATCHASYNC_PA)&!def(CONF_WATCHASYNC_EDGDETECTVIAPOLLING)))&(def(CONF_WATCHASYNC_SUMMARIZE)|def(CONF_WATCHASYNC_TIMESTAMP))),True
True,def(HAVE_ZBUS_RXTX_PIN)
(((def(CONF_WATCHASYNC_PA)&!def(CONF_WATCHASYNC_EDGDETECTVIAPOLLING))|(def(CONF_WATCHASYNC_PB)&!def(CONF_WATCHASYNC_EDGDETECTVIAPOLLING)))&def(CONF_WATCHASYNC_PA)&!def(CONF_WATCHASYNC_EDGDETECTVIAPOLLING)&((def(CONF_WATCHASYNC_PC)&!def(CONF_WATCHASYNC_EDGDETECTVIAPOLLING))|(def(CONF_WATCHASYNC_PD)&!def(CONF_WATCHASYNC_EDGDETECTVIAPOLLING))|(def(CONF_WATCHASYNC_PB)&!def(CONF_WATCHASYNC_EDGDETECTVIAPOLLING))|(def(CONF_WATCHASYNC_PA)&!def(CONF_WATCHASYNC_EDGDETECTVIAPOLLING)))&((def(CONF_WATCHASYNC_PA)&!def(CONF_WATCHASYNC_EDGDETECTVIAPOLLING))|(def(CONF_WATCHASYNC_PB)&!def(CONF_WATCHASYNC_EDGDETECTVIAPOLLING))|((!def(CONF_WATCHASYNC_PB)|def(CONF_WATCHASYNC_EDGDETECTVIAPOLLING))&(!def(CONF_WATCHASYNC_PA)|def(CONF_WATCHASYNC_EDGDETECTVIAPOLLING))&def(CONF_WATCHASYNC_PC)&!def(CONF_WATCHASYNC_EDGDETECTVIAPOLLING)))&def(CONF_WATCHASYNC_PB)&def(CONF_WATCHASYNC_PB1)),True
True,(def(USB_HID_KEYBOARD_STATIC_SUPPORT)&def(USB_KEYBOARD_SUPPORT))
def(SNMP_SUPPORT),True
def(HTTP_SD_DIR_SUPPORT),True
(def(USB_HID_KEYBOARD_ECMD_SUPPORT)&def(USB_KEYBOARD_SUPPORT)),True
True,def(ECMD_USB_SUPPORT)
def(CRON_ANACRON_SUPPORT),True
(!def(CONF_WATCHASYNC_EDGDETECTVIAPOLLING)&def(CONF_WATCHASYNC_PD1)&((def(CONF_WATCHASYNC_PC)&!def(CONF_WATCHASYNC_EDGDETECTVIAPOLLING))|(def(CONF_WATCHASYNC_PD)&!def(CONF_WATCHASYNC_EDGDETECTVIAPOLLING))|(def(CONF_WATCHASYNC_PB)&!def(CONF_WATCHASYNC_EDGDETECTVIAPOLLING))|(def(CONF_WATCHASYNC_PA)&!def(CONF_WATCHASYNC_EDGDETECTVIAPOLLING)))&((def(CONF_WATCHASYNC_PA)&!def(CONF_WATCHASYNC_EDGDETECTVIAPOLLING))|(def(CONF_WATCHASYNC_PB)&!def(CONF_WATCHASYNC_EDGDETECTVIAPOLLING))|((!def(CONF_WATCHASYNC_PB)|def(CONF_WATCHASYNC_EDGDETECTVIAPOLLING))&(!def(CONF_WATCHASYNC_PA)|def(CONF_WATCHASYNC_EDGDETECTVIAPOLLING))&def(CONF_WATCHASYNC_PC)&!def(CONF_WATCHASYNC_EDGDETECTVIAPOLLING)))&def(CONF_WATCHASYNC_PD)),True
def(ADC_VOLTAGE_SUPPORT),True
True,def(ALIASCMD_SUPPORT)
True,def(TEENSY_SUPPORT)
def(HTTPD_AUTH_SUPPORT),(def(MCUF_CLEAN_SUPPORT)&def(MCUF_MODUL_SUPPORT)&((def(MCUF_SPIRAL_SUPPORT)&def(MCUF_MODUL_SUPPORT))|(def(MCUF_CLEAN_SUPPORT)&def(MCUF_MODUL_SUPPORT))))
def(USB_KEYBOARD_SUPPORT),(def(USB_HID_KEYBOARD_STATIC_SUPPORT)&def(USB_KEYBOARD_SUPPORT))
def(AUTOSET_USB_ENABLE_PIN_SUPPORT),True
def(I2C_PCA9555_SUPPORT),def(I2C_TSL2550_SUPPORT)
def(LARGESCREEN),True
(def(USB_HID_KEYBOARD_STATIC_SUPPORT)&def(USB_KEYBOARD_SUPPORT)),def(USB_KEYBOARD_SUPPORT)
(def(DHT_LIST_ECMD_SUPPORT)&!def(DHT_LIST_WITH_VALUES_CMD_SUPPORT)&(!def(DHT_LIST_WITH_VALUES_CMD_SUPPORT)|!def(DHT_LIST_ECMD_SUPPORT))),True
(!def(CONF_WATCHASYNC_EDGDETECTVIAPOLLING)&def(CONF_WATCHASYNC_PB5)&((def(CONF_WATCHASYNC_PC)&!def(CONF_WATCHASYNC_EDGDETECTVIAPOLLING))|(def(CONF_WATCHASYNC_PD)&!def(CONF_WATCHASYNC_EDGDETECTVIAPOLLING))|(def(CONF_WATCHASYNC_PB)&!def(CONF_WATCHASYNC_EDGDETECTVIAPOLLING))|(def(CONF_WATCHASYNC_PA)&!def(CONF_WATCHASYNC_EDGDETECTVIAPOLLING)))&((def(CONF_WATCHASYNC_PA)&!def(CONF_WATCHASYNC_EDGDETECTVIAPOLLING))|(def(CONF_WATCHASYNC_PB)&!def(CONF_WATCHASYNC_EDGDETECTVIAPOLLING))|((!def(CONF_WATCHASYNC_PB)|def(CONF_WATCHASYNC_EDGDETECTVIAPOLLING))&(!def(CONF_WATCHASYNC_PA)|def(CONF_WATCHASYNC_EDGDETECTVIAPOLLING))&def(CONF_WATCHASYNC_PC)&!def(CONF_WATCHASYNC_EDGDETECTVIAPOLLING)))&(!def(CONF_WATCHASYNC_PA)|def(CONF_WATCHASYNC_EDGDETECTVIAPOLLING))&def(CONF_WATCHASYNC_PB)),True
def(MDNS_SD_SUPPORT),def(ETHERNET_SUPPORT)
(!def(CONF_WATCHASYNC_EDGDETECTVIAPOLLING)&((def(CONF_WATCHASYNC_PC)&!def(CONF_WATCHASYNC_EDGDETECTVIAPOLLING))|(def(CONF_WATCHASYNC_PD)&!def(CONF_WATCHASYNC_EDGDETECTVIAPOLLING))|(def(CONF_WATCHASYNC_PB)&!def(CONF_WATCHASYNC_EDGDETECTVIAPOLLING))|(def(CONF_WATCHASYNC_PA)&!def(CONF_WATCHASYNC_EDGDETECTVIAPOLLING)))),(!def(CONF_WATCHASYNC_EDGDETECTVIAPOLLING)&((def(CONF_WATCHASYNC_PC)&!def(CONF_WATCHASYNC_EDGDETECTVIAPOLLING))|(def(CONF_WATCHASYNC_PD)&!def(CONF_WATCHASYNC_EDGDETECTVIAPOLLING))|(def(CONF_WATCHASYNC_PB)&!def(CONF_WATCHASYNC_EDGDETECTVIAPOLLING))|(def(CONF_WATCHASYNC_PA)&!def(CONF_WATCHASYNC_EDGDETECTVIAPOLLING)))&def(CONF_WATCHASYNC_SUMMARIZE))
def(DUAL_HBRIDGE_SUPPORT),True
(def(USB_HID_KEYBOARD_SEQUENCE_SUPPORT)&def(USB_KEYBOARD_SUPPORT)),(def(USB_HID_KEYBOARD_STATIC_SUPPORT)&def(USB_KEYBOARD_SUPPORT))
def(FREQCOUNT_SUPPORT),True
def(USB_NET_SUPPORT),True
(!def(CONF_WATCHASYNC_EDGDETECTVIAPOLLING)&def(CONF_WATCHASYNC_PB3)&((def(CONF_WATCHASYNC_PC)&!def(CONF_WATCHASYNC_EDGDETECTVIAPOLLING))|(def(CONF_WATCHASYNC_PD)&!def(CONF_WATCHASYNC_EDGDETECTVIAPOLLING))|(def(CONF_WATCHASYNC_PB)&!def(CONF_WATCHASYNC_EDGDETECTVIAPOLLING))|(def(CONF_WATCHASYNC_PA)&!def(CONF_WATCHASYNC_EDGDETECTVIAPOLLING)))&((def(CONF_WATCHASYNC_PA)&!def(CONF_WATCHASYNC_EDGDETECTVIAPOLLING))|(def(CONF_WATCHASYNC_PB)&!def(CONF_WATCHASYNC_EDGDETECTVIAPOLLING))|((!def(CONF_WATCHASYNC_PB)|def(CONF_WATCHASYNC_EDGDETECTVIAPOLLING))&(!def(CONF_WATCHASYNC_PA)|def(CONF_WATCHASYNC_EDGDETECTVIAPOLLING))&def(CONF_WATCHASYNC_PC)&!def(CONF_WATCHASYNC_EDGDETECTVIAPOLLING)))&(!def(CONF_WATCHASYNC_PA)|def(CONF_WATCHASYNC_EDGDETECTVIAPOLLING))&def(CONF_WATCHASYNC_PB)),True
def(RFM12_ASK_2272_SUPPORT),(def(RFM12_ASK_2272_SUPPORT)&def(TEENSY_SUPPORT))
def(DC3840_BLACK_WHITE),True
(def(CONF_WATCHASYNC_PC)&(!def(CONF_WATCHASYNC_PB)|def(CONF_WATCHASYNC_EDGDETECTVIAPOLLING))&!def(CONF_WATCHASYNC_EDGDETECTVIAPOLLING)&def(CONF_WATCHASYNC_PC5)&((def(CONF_WATCHASYNC_PC)&!def(CONF_WATCHASYNC_EDGDETECTVIAPOLLING))|(def(CONF_WATCHASYNC_PD)&!def(CONF_WATCHASYNC_EDGDETECTVIAPOLLING))|(def(CONF_WATCHASYNC_PB)&!def(CONF_WATCHASYNC_EDGDETECTVIAPOLLING))|(def(CONF_WATCHASYNC_PA)&!def(CONF_WATCHASYNC_EDGDETECTVIAPOLLING)))&((def(CONF_WATCHASYNC_PA)&!def(CONF_WATCHASYNC_EDGDETECTVIAPOLLING))|(def(CONF_WATCHASYNC_PB)&!def(CONF_WATCHASYNC_EDGDETECTVIAPOLLING))|((!def(CONF_WATCHASYNC_PB)|def(CONF_WATCHASYNC_EDGDETECTVIAPOLLING))&(!def(CONF_WATCHASYNC_PA)|def(CONF_WATCHASYNC_EDGDETECTVIAPOLLING))&def(CONF_WATCHASYNC_PC)&!def(CONF_WATCHASYNC_EDGDETECTVIAPOLLING)))&(!def(CONF_WATCHASYNC_PA)|def(CONF_WATCHASYNC_EDGDETECTVIAPOLLING))),True
(def(FS20_RECEIVE_WS300_SUPPORT)&def(FS20_RECEIVE_SUPPORT)&(!def(FS20_RECEIVE_WS300_SUPPORT)|!def(FS20_RECEIVE_SUPPORT)|!def(ECMD_MIRROR_REQUEST))),True
def(ECMD_MIRROR_REQUEST),True
def(CONF_WATCHASYNC_SUMMARIZE),True
(def(FREQCOUNT_DUTY_SUPPORT)&!def(FREQCOUNT_MOVING_AVERAGE_SUPPORT)&(!def(FREQCOUNT_DUTY_SUPPORT)|!def(FREQCOUNT_MOVING_AVERAGE_SUPPORT))),True
True,def(I2C_PCF8574X_SUPPORT)
!def(TFTP_CRC_SUPPORT),True
def(FREE_SUPPORT),True
(((def(CONF_WATCHASYNC_PA)&!def(CONF_WATCHASYNC_EDGDETECTVIAPOLLING))|(def(CONF_WATCHASYNC_PB)&!def(CONF_WATCHASYNC_EDGDETECTVIAPOLLING))|!def(CONF_WATCHASYNC_PC)|def(CONF_WATCHASYNC_EDGDETECTVIAPOLLING))&(!def(CONF_WATCHASYNC_PB)|def(CONF_WATCHASYNC_EDGDETECTVIAPOLLING))&!def(CONF_WATCHASYNC_EDGDETECTVIAPOLLING)&def(CONF_WATCHASYNC_PD4)&(!def(CONF_WATCHASYNC_PC)|def(CONF_WATCHASYNC_EDGDETECTVIAPOLLING))&((def(CONF_WATCHASYNC_PC)&!def(CONF_WATCHASYNC_EDGDETECTVIAPOLLING))|(def(CONF_WATCHASYNC_PD)&!def(CONF_WATCHASYNC_EDGDETECTVIAPOLLING))|(def(CONF_WATCHASYNC_PB)&!def(CONF_WATCHASYNC_EDGDETECTVIAPOLLING))|(def(CONF_WATCHASYNC_PA)&!def(CONF_WATCHASYNC_EDGDETECTVIAPOLLING)))&(!def(CONF_WATCHASYNC_PA)|def(CONF_WATCHASYNC_EDGDETECTVIAPOLLING))&def(CONF_WATCHASYNC_PD)),True
(def(FREQCOUNT_DUTY_SUPPORT)&def(FREQCOUNT_MOVING_AVERAGE_SUPPORT)),True
!def(_SPMCR),True
(def(CONF_WATCHASYNC_SUMMARIZE)&def(CONF_WATCHASYNC_TIMESTAMP)&(def(CONF_WATCHASYNC_SUMMARIZE)|def(CONF_WATCHASYNC_TIMESTAMP))&(def(CONF_WATCHASYNC_EDGDETECTVIAPOLLING)|((!def(CONF_WATCHASYNC_PD)|def(CONF_WATCHASYNC_EDGDETECTVIAPOLLING))&(!def(CONF_WATCHASYNC_PC)|def(CONF_WATCHASYNC_EDGDETECTVIAPOLLING))&(!def(CONF_WATCHASYNC_PB)|def(CONF_WATCHASYNC_EDGDETECTVIAPOLLING))&(!def(CONF_WATCHASYNC_PA)|def(CONF_WATCHASYNC_EDGDETECTVIAPOLLING))))),True
def(HAVE_LCDON),True
def(I2C_BMP085_BAROCALC_SUPPORT),True
def(STATUSLED_EMS_RX_OK_SUPPORT),True
!def(CONF_WATCHASYNC_SUMMARIZE),def(SGC_ECMD_SEND_SUPPORT)
(def(CONF_WATCHASYNC_PC)&(!def(CONF_WATCHASYNC_PB)|def(CONF_WATCHASYNC_EDGDETECTVIAPOLLING))&!def(CONF_WATCHASYNC_EDGDETECTVIAPOLLING)&def(CONF_WATCHASYNC_PC1)&((def(CONF_WATCHASYNC_PC)&!def(CONF_WATCHASYNC_EDGDETECTVIAPOLLING))|(def(CONF_WATCHASYNC_PD)&!def(CONF_WATCHASYNC_EDGDETECTVIAPOLLING))|(def(CONF_WATCHASYNC_PB)&!def(CONF_WATCHASYNC_EDGDETECTVIAPOLLING))|(def(CONF_WATCHASYNC_PA)&!def(CONF_WATCHASYNC_EDGDETECTVIAPOLLING)))&((def(CONF_WATCHASYNC_PA)&!def(CONF_WATCHASYNC_EDGDETECTVIAPOLLING))|(def(CONF_WATCHASYNC_PB)&!def(CONF_WATCHASYNC_EDGDETECTVIAPOLLING))|((!def(CONF_WATCHASYNC_PB)|def(CONF_WATCHASYNC_EDGDETECTVIAPOLLING))&(!def(CONF_WATCHASYNC_PA)|def(CONF_WATCHASYNC_EDGDETECTVIAPOLLING))&def(CONF_WATCHASYNC_PC)&!def(CONF_WATCHASYNC_EDGDETECTVIAPOLLING)))&(!def(CONF_WATCHASYNC_PA)|def(CONF_WATCHASYNC_EDGDETECTVIAPOLLING))),True
(((def(CONF_WATCHASYNC_PA)&!def(CONF_WATCHASYNC_EDGDETECTVIAPOLLING))|(def(CONF_WATCHASYNC_PB)&!def(CONF_WATCHASYNC_EDGDETECTVIAPOLLING)))&def(CONF_WATCHASYNC_PA)&!def(CONF_WATCHASYNC_EDGDETECTVIAPOLLING)&((def(CONF_WATCHASYNC_PC)&!def(CONF_WATCHASYNC_EDGDETECTVIAPOLLING))|(def(CONF_WATCHASYNC_PD)&!def(CONF_WATCHASYNC_EDGDETECTVIAPOLLING))|(def(CONF_WATCHASYNC_PB)&!def(CONF_WATCHASYNC_EDGDETECTVIAPOLLING))|(def(CONF_WATCHASYNC_PA)&!def(CONF_WATCHASYNC_EDGDETECTVIAPOLLING)))&((def(CONF_WATCHASYNC_PA)&!def(CONF_WATCHASYNC_EDGDETECTVIAPOLLING))|(def(CONF_WATCHASYNC_PB)&!def(CONF_WATCHASYNC_EDGDETECTVIAPOLLING))|((!def(CONF_WATCHASYNC_PB)|def(CONF_WATCHASYNC_EDGDETECTVIAPOLLING))&(!def(CONF_WATCHASYNC_PA)|def(CONF_WATCHASYNC_EDGDETECTVIAPOLLING))&def(CONF_WATCHASYNC_PC)&!def(CONF_WATCHASYNC_EDGDETECTVIAPOLLING)))&def(CONF_WATCHASYNC_PB)&def(CONF_WATCHASYNC_PB2)),True
True,def(DALI_RECEIVE_SUPPORT)
def(SGC_ECMD_SEND_SUPPORT),True
(def(CONF_WATCHASYNC_PC)&def(CONF_WATCHASYNC_PC0)&((def(CONF_WATCHASYNC_PA)&!def(CONF_WATCHASYNC_EDGDETECTVIAPOLLING))|(def(CONF_WATCHASYNC_PB)&!def(CONF_WATCHASYNC_EDGDETECTVIAPOLLING)))&!def(CONF_WATCHASYNC_EDGDETECTVIAPOLLING)&((def(CONF_WATCHASYNC_PC)&!def(CONF_WATCHASYNC_EDGDETECTVIAPOLLING))|(def(CONF_WATCHASYNC_PD)&!def(CONF_WATCHASYNC_EDGDETECTVIAPOLLING))|(def(CONF_WATCHASYNC_PB)&!def(CONF_WATCHASYNC_EDGDETECTVIAPOLLING))|(def(CONF_WATCHASYNC_PA)&!def(CONF_WATCHASYNC_EDGDETECTVIAPOLLING)))&((def(CONF_WATCHASYNC_PA)&!def(CONF_WATCHASYNC_EDGDETECTVIAPOLLING))|(def(CONF_WATCHASYNC_PB)&!def(CONF_WATCHASYNC_EDGDETECTVIAPOLLING))|((!def(CONF_WATCHASYNC_PB)|def(CONF_WATCHASYNC_EDGDETECTVIAPOLLING))&(!def(CONF_WATCHASYNC_PA)|def(CONF_WATCHASYNC_EDGDETECTVIAPOLLING))&def(CONF_WATCHASYNC_PC)&!def(CONF_WATCHASYNC_EDGDETECTVIAPOLLING)))),True
(def(DUAL_HBRIDGE_SUPPORT)&!def(HBRIDGE_INVERTER_SUPPORT)&(!def(HBRIDGE_INVERTER_SUPPORT)|!def(DUAL_HBRIDGE_SUPPORT))),True
(!def(CONF_WATCHASYNC_EDGDETECTVIAPOLLING)&((def(CONF_WATCHASYNC_PC)&!def(CONF_WATCHASYNC_EDGDETECTVIAPOLLING))|(def(CONF_WATCHASYNC_PD)&!def(CONF_WATCHASYNC_EDGDETECTVIAPOLLING))|(def(CONF_WATCHASYNC_PB)&!def(CONF_WATCHASYNC_EDGDETECTVIAPOLLING))|(def(CONF_WATCHASYNC_PA)&!def(CONF_WATCHASYNC_EDGDETECTVIAPOLLING)))&((def(CONF_WATCHASYNC_PA)&!def(CONF_WATCHASYNC_EDGDETECTVIAPOLLING))|(def(CONF_WATCHASYNC_PB)&!def(CONF_WATCHASYNC_EDGDETECTVIAPOLLING))|((!def(CONF_WATCHASYNC_PB)|def(CONF_WATCHASYNC_EDGDETECTVIAPOLLING))&(!def(CONF_WATCHASYNC_PA)|def(CONF_WATCHASYNC_EDGDETECTVIAPOLLING))&def(CONF_WATCHASYNC_PC)&!def(CONF_WATCHASYNC_EDGDETECTVIAPOLLING)))&def(CONF_WATCHASYNC_PD5)&def(CONF_WATCHASYNC_PD)),True
(def(ONEWIRE_DETECT_SUPPORT)&!def(ONEWIRE_POLLING_SUPPORT)&def(ONEWIRE_DS2502_SUPPORT)),True
(def(ONEWIRE_DETECT_SUPPORT)&!def(ONEWIRE_POLLING_SUPPORT)),(def(ONEWIRE_DETECT_SUPPORT)&!def(ONEWIRE_POLLING_SUPPORT)&(!def(ONEWIRE_DS2502_SUPPORT)|!def(ONEWIRE_DETECT_SUPPORT)))
!def(TEENSY_SUPPORT),True
((!def(CONF_WATCHASYNC_PD)|def(CONF_WATCHASYNC_EDGDETECTVIAPOLLING))&(!def(CONF_WATCHASYNC_PB)|def(CONF_WATCHASYNC_EDGDETECTVIAPOLLING))&(def(CONF_WATCHASYNC_EDGDETECTVIAPOLLING)|((!def(CONF_WATCHASYNC_PD)|def(CONF_WATCHASYNC_EDGDETECTVIAPOLLING))&(!def(CONF_WATCHASYNC_PC)|def(CONF_WATCHASYNC_EDGDETECTVIAPOLLING))&(!def(CONF_WATCHASYNC_PB)|def(CONF_WATCHASYNC_EDGDETECTVIAPOLLING))&(!def(CONF_WATCHASYNC_PA)|def(CONF_WATCHASYNC_EDGDETECTVIAPOLLING))))&!def(CONF_WATCHASYNC_EDGDETECTVIAPOLLING)&!def(CONF_WATCHASYNC_SUMMARIZE)&(!def(CONF_WATCHASYNC_PC)|def(CONF_WATCHASYNC_EDGDETECTVIAPOLLING))&(!def(CONF_WATCHASYNC_PA)|def(CONF_WATCHASYNC_EDGDETECTVIAPOLLING))),True
def(MODBUS_CLIENT_SUPPORT),True
(!def(CONF_WATCHASYNC_EDGDETECTVIAPOLLING)&((def(CONF_WATCHASYNC_PC)&!def(CONF_WATCHASYNC_EDGDETECTVIAPOLLING))|(def(CONF_WATCHASYNC_PD)&!def(CONF_WATCHASYNC_EDGDETECTVIAPOLLING))|(def(CONF_WATCHASYNC_PB)&!def(CONF_WATCHASYNC_EDGDETECTVIAPOLLING))|(def(CONF_WATCHASYNC_PA)&!def(CONF_WATCHASYNC_EDGDETECTVIAPOLLING)))),((def(CONF_WATCHASYNC_SUMMARIZE)|def(CONF_WATCHASYNC_TIMESTAMP))&!def(CONF_WATCHASYNC_EDGDETECTVIAPOLLING)&((def(CONF_WATCHASYNC_PC)&!def(CONF_WATCHASYNC_EDGDETECTVIAPOLLING))|(def(CONF_WATCHASYNC_PD)&!def(CONF_WATCHASYNC_EDGDETECTVIAPOLLING))|(def(CONF_WATCHASYNC_PB)&!def(CONF_WATCHASYNC_EDGDETECTVIAPOLLING))|(def(CONF_WATCHASYNC_PA)&!def(CONF_WATCHASYNC_EDGDETECTVIAPOLLING)))&def(CONF_WATCHASYNC_SUMMARIZE)&!def(CONF_WATCHASYNC_TIMESTAMP))
True,def(MDNS_SD_SUPPORT)
def(ECMD_PAM_SUPPORT),True
def(HAVE_ZBUS_RXTX_PIN),True
(def(CRON_VFS_SUPPORT)&def(CRON_PERSIST_SUPPORT)),def(CRON_PERSIST_SUPPORT)
def(USB_NET_SUPPORT),def(I2C_TSL2550_SUPPORT)
def(DUAL_HBRIDGE_SUPPORT),!def(HBRIDGE_PWM_SUPPORT)
True,def(DNS_SUPPORT)
def(CONF_WATCHASYNC_PD),(((def(CONF_WATCHASYNC_PA)&!def(CONF_WATCHASYNC_EDGDETECTVIAPOLLING))|(def(CONF_WATCHASYNC_PB)&!def(CONF_WATCHASYNC_EDGDETECTVIAPOLLING))|!def(CONF_WATCHASYNC_PC)|def(CONF_WATCHASYNC_EDGDETECTVIAPOLLING))&(!def(CONF_WATCHASYNC_PB)|def(CONF_WATCHASYNC_EDGDETECTVIAPOLLING))&!def(CONF_WATCHASYNC_EDGDETECTVIAPOLLING)&((def(CONF_WATCHASYNC_PC)&!def(CONF_WATCHASYNC_EDGDETECTVIAPOLLING))|(def(CONF_WATCHASYNC_PD)&!def(CONF_WATCHASYNC_EDGDETECTVIAPOLLING))|(def(CONF_WATCHASYNC_PB)&!def(CONF_WATCHASYNC_EDGDETECTVIAPOLLING))|(def(CONF_WATCHASYNC_PA)&!def(CONF_WATCHASYNC_EDGDETECTVIAPOLLING)))&(!def(CONF_WATCHASYNC_PA)|def(CONF_WATCHASYNC_EDGDETECTVIAPOLLING)))
(def(SER_RAM_23K256_RAMTEST)&def(SER_RAM_23K256_SUPPORT)),True
(!def(FREQCOUNT_MOVING_AVERAGE_SUPPORT)&!def(FREQCOUNT_DUTY_SUPPORT)&(!def(FREQCOUNT_MOVING_AVERAGE_SUPPORT)|def(FREQCOUNT_DUTY_SUPPORT))),True
True,!def(MDNS_SD_SUPPORT)
(((def(CONF_WATCHASYNC_PA)&!def(CONF_WATCHASYNC_EDGDETECTVIAPOLLING))|(def(CONF_WATCHASYNC_PB)&!def(CONF_WATCHASYNC_EDGDETECTVIAPOLLING)))&def(CONF_WATCHASYNC_PA)&!def(CONF_WATCHASYNC_EDGDETECTVIAPOLLING)&((def(CONF_WATCHASYNC_PC)&!def(CONF_WATCHASYNC_EDGDETECTVIAPOLLING))|(def(CONF_WATCHASYNC_PD)&!def(CONF_WATCHASYNC_EDGDETECTVIAPOLLING))|(def(CONF_WATCHASYNC_PB)&!def(CONF_WATCHASYNC_EDGDETECTVIAPOLLING))|(def(CONF_WATCHASYNC_PA)&!def(CONF_WATCHASYNC_EDGDETECTVIAPOLLING)))&((def(CONF_WATCHASYNC_PA)&!def(CONF_WATCHASYNC_EDGDETECTVIAPOLLING))|(def(CONF_WATCHASYNC_PB)&!def(CONF_WATCHASYNC_EDGDETECTVIAPOLLING))|((!def(CONF_WATCHASYNC_PB)|def(CONF_WATCHASYNC_EDGDETECTVIAPOLLING))&(!def(CONF_WATCHASYNC_PA)|def(CONF_WATCHASYNC_EDGDETECTVIAPOLLING))&def(CONF_WATCHASYNC_PC)&!def(CONF_WATCHASYNC_EDGDETECTVIAPOLLING)))&def(CONF_WATCHASYNC_PB)),def(CONF_WATCHASYNC_PB)
True,def(MODBUS_CLIENT_SUPPORT)
(((def(CONF_WATCHASYNC_PA)&!def(CONF_WATCHASYNC_EDGDETECTVIAPOLLING))|(def(CONF_WATCHASYNC_PB)&!def(CONF_WATCHASYNC_EDGDETECTVIAPOLLING)))&def(CONF_WATCHASYNC_PA)&!def(CONF_WATCHASYNC_EDGDETECTVIAPOLLING)&((def(CONF_WATCHASYNC_PC)&!def(CONF_WATCHASYNC_EDGDETECTVIAPOLLING))|(def(CONF_WATCHASYNC_PD)&!def(CONF_WATCHASYNC_EDGDETECTVIAPOLLING))|(def(CONF_WATCHASYNC_PB)&!def(CONF_WATCHASYNC_EDGDETECTVIAPOLLING))|(def(CONF_WATCHASYNC_PA)&!def(CONF_WATCHASYNC_EDGDETECTVIAPOLLING)))&((def(CONF_WATCHASYNC_PA)&!def(CONF_WATCHASYNC_EDGDETECTVIAPOLLING))|(def(CONF_WATCHASYNC_PB)&!def(CONF_WATCHASYNC_EDGDETECTVIAPOLLING))|((!def(CONF_WATCHASYNC_PB)|def(CONF_WATCHASYNC_EDGDETECTVIAPOLLING))&(!def(CONF_WATCHASYNC_PA)|def(CONF_WATCHASYNC_EDGDETECTVIAPOLLING))&def(CONF_WATCHASYNC_PC)&!def(CONF_WATCHASYNC_EDGDETECTVIAPOLLING)))&def(CONF_WATCHASYNC_PA5)),True
def(HD44780_BACKLIGHT_INV),True
True,def(VFS_PWM_WAV_SUPPORT)
(((def(CONF_WATCHASYNC_PA)&!def(CONF_WATCHASYNC_EDGDETECTVIAPOLLING))|(def(CONF_WATCHASYNC_PB)&!def(CONF_WATCHASYNC_EDGDETECTVIAPOLLING)))&def(CONF_WATCHASYNC_PA)&!def(CONF_WATCHASYNC_EDGDETECTVIAPOLLING)&((def(CONF_WATCHASYNC_PC)&!def(CONF_WATCHASYNC_EDGDETECTVIAPOLLING))|(def(CONF_WATCHASYNC_PD)&!def(CONF_WATCHASYNC_EDGDETECTVIAPOLLING))|(def(CONF_WATCHASYNC_PB)&!def(CONF_WATCHASYNC_EDGDETECTVIAPOLLING))|(def(CONF_WATCHASYNC_PA)&!def(CONF_WATCHASYNC_EDGDETECTVIAPOLLING)))&((def(CONF_WATCHASYNC_PA)&!def(CONF_WATCHASYNC_EDGDETECTVIAPOLLING))|(def(CONF_WATCHASYNC_PB)&!def(CONF_WATCHASYNC_EDGDETECTVIAPOLLING))|((!def(CONF_WATCHASYNC_PB)|def(CONF_WATCHASYNC_EDGDETECTVIAPOLLING))&(!def(CONF_WATCHASYNC_PA)|def(CONF_WATCHASYNC_EDGDETECTVIAPOLLING))&def(CONF_WATCHASYNC_PC)&!def(CONF_WATCHASYNC_EDGDETECTVIAPOLLING)))&def(CONF_WATCHASYNC_PB)&def(CONF_WATCHASYNC_PB4)),True
True,def(LCD_DRAWBITMAP_USED)
def(IPV6_SUPPORT),True
(((def(CONF_WATCHASYNC_PA)&!def(CONF_WATCHASYNC_EDGDETECTVIAPOLLING))|(def(CONF_WATCHASYNC_PB)&!def(CONF_WATCHASYNC_EDGDETECTVIAPOLLING))|!def(CONF_WATCHASYNC_PC)|def(CONF_WATCHASYNC_EDGDETECTVIAPOLLING))&(!def(CONF_WATCHASYNC_PB)|def(CONF_WATCHASYNC_EDGDETECTVIAPOLLING))&!def(CONF_WATCHASYNC_EDGDETECTVIAPOLLING)&(!def(CONF_WATCHASYNC_PC)|def(CONF_WATCHASYNC_EDGDETECTVIAPOLLING))&def(CONF_WATCHASYNC_PD2)&((def(CONF_WATCHASYNC_PC)&!def(CONF_WATCHASYNC_EDGDETECTVIAPOLLING))|(def(CONF_WATCHASYNC_PD)&!def(CONF_WATCHASYNC_EDGDETECTVIAPOLLING))|(def(CONF_WATCHASYNC_PB)&!def(CONF_WATCHASYNC_EDGDETECTVIAPOLLING))|(def(CONF_WATCHASYNC_PA)&!def(CONF_WATCHASYNC_EDGDETECTVIAPOLLING)))&(!def(CONF_WATCHASYNC_PA)|def(CONF_WATCHASYNC_EDGDETECTVIAPOLLING))&def(CONF_WATCHASYNC_PD)),True
True,def(IPV6_SUPPORT)
(((def(CONF_WATCHASYNC_PA)&!def(CONF_WATCHASYNC_EDGDETECTVIAPOLLING))|(def(CONF_WATCHASYNC_PB)&!def(CONF_WATCHASYNC_EDGDETECTVIAPOLLING)))&def(CONF_WATCHASYNC_PA)&!def(CONF_WATCHASYNC_EDGDETECTVIAPOLLING)&def(CONF_WATCHASYNC_PA3)&((def(CONF_WATCHASYNC_PC)&!def(CONF_WATCHASYNC_EDGDETECTVIAPOLLING))|(def(CONF_WATCHASYNC_PD)&!def(CONF_WATCHASYNC_EDGDETECTVIAPOLLING))|(def(CONF_WATCHASYNC_PB)&!def(CONF_WATCHASYNC_EDGDETECTVIAPOLLING))|(def(CONF_WATCHASYNC_PA)&!def(CONF_WATCHASYNC_EDGDETECTVIAPOLLING)))&((def(CONF_WATCHASYNC_PA)&!def(CONF_WATCHASYNC_EDGDETECTVIAPOLLING))|(def(CONF_WATCHASYNC_PB)&!def(CONF_WATCHASYNC_EDGDETECTVIAPOLLING))|((!def(CONF_WATCHASYNC_PB)|def(CONF_WATCHASYNC_EDGDETECTVIAPOLLING))&(!def(CONF_WATCHASYNC_PA)|def(CONF_WATCHASYNC_EDGDETECTVIAPOLLING))&def(CONF_WATCHASYNC_PC)&!def(CONF_WATCHASYNC_EDGDETECTVIAPOLLING)))),True
(def(CONF_WATCHASYNC_PC)&((def(CONF_WATCHASYNC_PA)&!def(CONF_WATCHASYNC_EDGDETECTVIAPOLLING))|(def(CONF_WATCHASYNC_PB)&!def(CONF_WATCHASYNC_EDGDETECTVIAPOLLING)))&!def(CONF_WATCHASYNC_EDGDETECTVIAPOLLING)&def(CONF_WATCHASYNC_PC5)&((def(CONF_WATCHASYNC_PC)&!def(CONF_WATCHASYNC_EDGDETECTVIAPOLLING))|(def(CONF_WATCHASYNC_PD)&!def(CONF_WATCHASYNC_EDGDETECTVIAPOLLING))|(def(CONF_WATCHASYNC_PB)&!def(CONF_WATCHASYNC_EDGDETECTVIAPOLLING))|(def(CONF_WATCHASYNC_PA)&!def(CONF_WATCHASYNC_EDGDETECTVIAPOLLING)))&((def(CONF_WATCHASYNC_PA)&!def(CONF_WATCHASYNC_EDGDETECTVIAPOLLING))|(def(CONF_WATCHASYNC_PB)&!def(CONF_WATCHASYNC_EDGDETECTVIAPOLLING))|((!def(CONF_WATCHASYNC_PB)|def(CONF_WATCHASYNC_EDGDETECTVIAPOLLING))&(!def(CONF_WATCHASYNC_PA)|def(CONF_WATCHASYNC_EDGDETECTVIAPOLLING))&def(CONF_WATCHASYNC_PC)&!def(CONF_WATCHASYNC_EDGDETECTVIAPOLLING)))),True
def(I2C_MAX7311_SUPPORT),def(I2C_TSL2550_SUPPORT)
(def(CONF_WATCHASYNC_PA0)&((def(CONF_WATCHASYNC_PA)&!def(CONF_WATCHASYNC_EDGDETECTVIAPOLLING))|(def(CONF_WATCHASYNC_PB)&!def(CONF_WATCHASYNC_EDGDETECTVIAPOLLING)))&def(CONF_WATCHASYNC_PA)&!def(CONF_WATCHASYNC_EDGDETECTVIAPOLLING)&((def(CONF_WATCHASYNC_PC)&!def(CONF_WATCHASYNC_EDGDETECTVIAPOLLING))|(def(CONF_WATCHASYNC_PD)&!def(CONF_WATCHASYNC_EDGDETECTVIAPOLLING))|(def(CONF_WATCHASYNC_PB)&!def(CONF_WATCHASYNC_EDGDETECTVIAPOLLING))|(def(CONF_WATCHASYNC_PA)&!def(CONF_WATCHASYNC_EDGDETECTVIAPOLLING)))&((def(CONF_WATCHASYNC_PA)&!def(CONF_WATCHASYNC_EDGDETECTVIAPOLLING))|(def(CONF_WATCHASYNC_PB)&!def(CONF_WATCHASYNC_EDGDETECTVIAPOLLING))|((!def(CONF_WATCHASYNC_PB)|def(CONF_WATCHASYNC_EDGDETECTVIAPOLLING))&(!def(CONF_WATCHASYNC_PA)|def(CONF_WATCHASYNC_EDGDETECTVIAPOLLING))&def(CONF_WATCHASYNC_PC)&!def(CONF_WATCHASYNC_EDGDETECTVIAPOLLING)))),True
True,def(USB_KEYBOARD_SUPPORT)
(def(LARGESCREEN)&def(DEBUG)),True
def(HD44780_MULTIENSUPPORT),True
True,def(ECMD_PAM_SUPPORT)
(def(CONF_WATCHASYNC_PC)&((def(CONF_WATCHASYNC_PA)&!def(CONF_WATCHASYNC_EDGDETECTVIAPOLLING))|(def(CONF_WATCHASYNC_PB)&!def(CONF_WATCHASYNC_EDGDETECTVIAPOLLING)))&!def(CONF_WATCHASYNC_EDGDETECTVIAPOLLING)&((def(CONF_WATCHASYNC_PC)&!def(CONF_WATCHASYNC_EDGDETECTVIAPOLLING))|(def(CONF_WATCHASYNC_PD)&!def(CONF_WATCHASYNC_EDGDETECTVIAPOLLING))|(def(CONF_WATCHASYNC_PB)&!def(CONF_WATCHASYNC_EDGDETECTVIAPOLLING))|(def(CONF_WATCHASYNC_PA)&!def(CONF_WATCHASYNC_EDGDETECTVIAPOLLING)))&((def(CONF_WATCHASYNC_PA)&!def(CONF_WATCHASYNC_EDGDETECTVIAPOLLING))|(def(CONF_WATCHASYNC_PB)&!def(CONF_WATCHASYNC_EDGDETECTVIAPOLLING))|((!def(CONF_WATCHASYNC_PB)|def(CONF_WATCHASYNC_EDGDETECTVIAPOLLING))&(!def(CONF_WATCHASYNC_PA)|def(CONF_WATCHASYNC_EDGDETECTVIAPOLLING))&def(CONF_WATCHASYNC_PC)&!def(CONF_WATCHASYNC_EDGDETECTVIAPOLLING)))&def(CONF_WATCHASYNC_PC6)),True
(((def(CONF_WATCHASYNC_PA)&!def(CONF_WATCHASYNC_EDGDETECTVIAPOLLING))|(def(CONF_WATCHASYNC_PB)&!def(CONF_WATCHASYNC_EDGDETECTVIAPOLLING)))&def(CONF_WATCHASYNC_PA)&!def(CONF_WATCHASYNC_EDGDETECTVIAPOLLING)&((def(CONF_WATCHASYNC_PC)&!def(CONF_WATCHASYNC_EDGDETECTVIAPOLLING))|(def(CONF_WATCHASYNC_PD)&!def(CONF_WATCHASYNC_EDGDETECTVIAPOLLING))|(def(CONF_WATCHASYNC_PB)&!def(CONF_WATCHASYNC_EDGDETECTVIAPOLLING))|(def(CONF_WATCHASYNC_PA)&!def(CONF_WATCHASYNC_EDGDETECTVIAPOLLING)))&((def(CONF_WATCHASYNC_PA)&!def(CONF_WATCHASYNC_EDGDETECTVIAPOLLING))|(def(CONF_WATCHASYNC_PB)&!def(CONF_WATCHASYNC_EDGDETECTVIAPOLLING))|((!def(CONF_WATCHASYNC_PB)|def(CONF_WATCHASYNC_EDGDETECTVIAPOLLING))&(!def(CONF_WATCHASYNC_PA)|def(CONF_WATCHASYNC_EDGDETECTVIAPOLLING))&def(CONF_WATCHASYNC_PC)&!def(CONF_WATCHASYNC_EDGDETECTVIAPOLLING)))),def(CONF_WATCHASYNC_PA)
(!def(CONF_WATCHASYNC_EDGDETECTVIAPOLLING)&def(CONF_WATCHASYNC_PD4)&((def(CONF_WATCHASYNC_PC)&!def(CONF_WATCHASYNC_EDGDETECTVIAPOLLING))|(def(CONF_WATCHASYNC_PD)&!def(CONF_WATCHASYNC_EDGDETECTVIAPOLLING))|(def(CONF_WATCHASYNC_PB)&!def(CONF_WATCHASYNC_EDGDETECTVIAPOLLING))|(def(CONF_WATCHASYNC_PA)&!def(CONF_WATCHASYNC_EDGDETECTVIAPOLLING)))&((def(CONF_WATCHASYNC_PA)&!def(CONF_WATCHASYNC_EDGDETECTVIAPOLLING))|(def(CONF_WATCHASYNC_PB)&!def(CONF_WATCHASYNC_EDGDETECTVIAPOLLING))|((!def(CONF_WATCHASYNC_PB)|def(CONF_WATCHASYNC_EDGDETECTVIAPOLLING))&(!def(CONF_WATCHASYNC_PA)|def(CONF_WATCHASYNC_EDGDETECTVIAPOLLING))&def(CONF_WATCHASYNC_PC)&!def(CONF_WATCHASYNC_EDGDETECTVIAPOLLING)))&def(CONF_WATCHASYNC_PD)),True
(((def(CONF_WATCHASYNC_PA)&!def(CONF_WATCHASYNC_EDGDETECTVIAPOLLING))|(def(CONF_WATCHASYNC_PB)&!def(CONF_WATCHASYNC_EDGDETECTVIAPOLLING)))&def(CONF_WATCHASYNC_PA)&!def(CONF_WATCHASYNC_EDGDETECTVIAPOLLING)&def(CONF_WATCHASYNC_PA6)&((def(CONF_WATCHASYNC_PC)&!def(CONF_WATCHASYNC_EDGDETECTVIAPOLLING))|(def(CONF_WATCHASYNC_PD)&!def(CONF_WATCHASYNC_EDGDETECTVIAPOLLING))|(def(CONF_WATCHASYNC_PB)&!def(CONF_WATCHASYNC_EDGDETECTVIAPOLLING))|(def(CONF_WATCHASYNC_PA)&!def(CONF_WATCHASYNC_EDGDETECTVIAPOLLING)))&((def(CONF_WATCHASYNC_PA)&!def(CONF_WATCHASYNC_EDGDETECTVIAPOLLING))|(def(CONF_WATCHASYNC_PB)&!def(CONF_WATCHASYNC_EDGDETECTVIAPOLLING))|((!def(CONF_WATCHASYNC_PB)|def(CONF_WATCHASYNC_EDGDETECTVIAPOLLING))&(!def(CONF_WATCHASYNC_PA)|def(CONF_WATCHASYNC_EDGDETECTVIAPOLLING))&def(CONF_WATCHASYNC_PC)&!def(CONF_WATCHASYNC_EDGDETECTVIAPOLLING)))),True
True,def(I2C_DS1631_SUPPORT)
True,def(TCP_SUPPORT)
def(SNMP_SUPPORT),def(ADC_SUPPORT)
(def(CONF_WATCHASYNC_PC2)&def(CONF_WATCHASYNC_PC)&(!def(CONF_WATCHASYNC_PB)|def(CONF_WATCHASYNC_EDGDETECTVIAPOLLING))&!def(CONF_WATCHASYNC_EDGDETECTVIAPOLLING)&((def(CONF_WATCHASYNC_PC)&!def(CONF_WATCHASYNC_EDGDETECTVIAPOLLING))|(def(CONF_WATCHASYNC_PD)&!def(CONF_WATCHASYNC_EDGDETECTVIAPOLLING))|(def(CONF_WATCHASYNC_PB)&!def(CONF_WATCHASYNC_EDGDETECTVIAPOLLING))|(def(CONF_WATCHASYNC_PA)&!def(CONF_WATCHASYNC_EDGDETECTVIAPOLLING)))&((def(CONF_WATCHASYNC_PA)&!def(CONF_WATCHASYNC_EDGDETECTVIAPOLLING))|(def(CONF_WATCHASYNC_PB)&!def(CONF_WATCHASYNC_EDGDETECTVIAPOLLING))|((!def(CONF_WATCHASYNC_PB)|def(CONF_WATCHASYNC_EDGDETECTVIAPOLLING))&(!def(CONF_WATCHASYNC_PA)|def(CONF_WATCHASYNC_EDGDETECTVIAPOLLING))&def(CONF_WATCHASYNC_PC)&!def(CONF_WATCHASYNC_EDGDETECTVIAPOLLING)))&(!def(CONF_WATCHASYNC_PA)|def(CONF_WATCHASYNC_EDGDETECTVIAPOLLING))),True
!def(DEBUG),def(DEBUG)
!def(DUAL_HBRIDGE_SUPPORT),!def(HBRIDGE_PWM_SUPPORT)
(!def(DUAL_HBRIDGE_SUPPORT)&!def(HBRIDGE_INVERTER_SUPPORT)),True
def(DHT_LIST_ECMD_SUPPORT),(def(DHT_LIST_ECMD_SUPPORT)&!def(DHT_LIST_WITH_VALUES_CMD_SUPPORT)&(!def(DHT_LIST_WITH_VALUES_CMD_SUPPORT)|!def(DHT_LIST_ECMD_SUPPORT)))
(def(USB_HID_KEYBOARD_STATIC_SUPPORT)&def(USB_KEYBOARD_SUPPORT)),True
(def(CONF_WATCHASYNC_PC2)&def(CONF_WATCHASYNC_PC)&((def(CONF_WATCHASYNC_PA)&!def(CONF_WATCHASYNC_EDGDETECTVIAPOLLING))|(def(CONF_WATCHASYNC_PB)&!def(CONF_WATCHASYNC_EDGDETECTVIAPOLLING)))&!def(CONF_WATCHASYNC_EDGDETECTVIAPOLLING)&((def(CONF_WATCHASYNC_PC)&!def(CONF_WATCHASYNC_EDGDETECTVIAPOLLING))|(def(CONF_WATCHASYNC_PD)&!def(CONF_WATCHASYNC_EDGDETECTVIAPOLLING))|(def(CONF_WATCHASYNC_PB)&!def(CONF_WATCHASYNC_EDGDETECTVIAPOLLING))|(def(CONF_WATCHASYNC_PA)&!def(CONF_WATCHASYNC_EDGDETECTVIAPOLLING)))&((def(CONF_WATCHASYNC_PA)&!def(CONF_WATCHASYNC_EDGDETECTVIAPOLLING))|(def(CONF_WATCHASYNC_PB)&!def(CONF_WATCHASYNC_EDGDETECTVIAPOLLING))|((!def(CONF_WATCHASYNC_PB)|def(CONF_WATCHASYNC_EDGDETECTVIAPOLLING))&(!def(CONF_WATCHASYNC_PA)|def(CONF_WATCHASYNC_EDGDETECTVIAPOLLING))&def(CONF_WATCHASYNC_PC)&!def(CONF_WATCHASYNC_EDGDETECTVIAPOLLING)))),True
(!def(CONF_WATCHASYNC_EDGDETECTVIAPOLLING)&((def(CONF_WATCHASYNC_PC)&!def(CONF_WATCHASYNC_EDGDETECTVIAPOLLING))|(def(CONF_WATCHASYNC_PD)&!def(CONF_WATCHASYNC_EDGDETECTVIAPOLLING))|(def(CONF_WATCHASYNC_PB)&!def(CONF_WATCHASYNC_EDGDETECTVIAPOLLING))|(def(CONF_WATCHASYNC_PA)&!def(CONF_WATCHASYNC_EDGDETECTVIAPOLLING)))&((def(CONF_WATCHASYNC_PA)&!def(CONF_WATCHASYNC_EDGDETECTVIAPOLLING))|(def(CONF_WATCHASYNC_PB)&!def(CONF_WATCHASYNC_EDGDETECTVIAPOLLING))|((!def(CONF_WATCHASYNC_PB)|def(CONF_WATCHASYNC_EDGDETECTVIAPOLLING))&(!def(CONF_WATCHASYNC_PA)|def(CONF_WATCHASYNC_EDGDETECTVIAPOLLING))&def(CONF_WATCHASYNC_PC)&!def(CONF_WATCHASYNC_EDGDETECTVIAPOLLING)))&(!def(CONF_WATCHASYNC_PA)|def(CONF_WATCHASYNC_EDGDETECTVIAPOLLING))&def(CONF_WATCHASYNC_PB)),def(CONF_WATCHASYNC_PB)
(def(FREQCOUNT_MOVING_AVERAGE_SUPPORT)&!def(FREQCOUNT_DUTY_SUPPORT)),(def(FREQCOUNT_DUTY_SUPPORT)&def(FREQCOUNT_MOVING_AVERAGE_SUPPORT))
def(STATUSLED_ZBUS_TX_SUPPORT),True
def(CRON_PERSIST_SUPPORT),True
def(SMS77_EEPROM_SUPPORT),True
def(DEBUG_REMOTE_IRMP),True
(!def(CONF_WATCHASYNC_EDGDETECTVIAPOLLING)&((def(CONF_WATCHASYNC_PC)&!def(CONF_WATCHASYNC_EDGDETECTVIAPOLLING))|(def(CONF_WATCHASYNC_PD)&!def(CONF_WATCHASYNC_EDGDETECTVIAPOLLING))|(def(CONF_WATCHASYNC_PB)&!def(CONF_WATCHASYNC_EDGDETECTVIAPOLLING))|(def(CONF_WATCHASYNC_PA)&!def(CONF_WATCHASYNC_EDGDETECTVIAPOLLING)))&((def(CONF_WATCHASYNC_PA)&!def(CONF_WATCHASYNC_EDGDETECTVIAPOLLING))|(def(CONF_WATCHASYNC_PB)&!def(CONF_WATCHASYNC_EDGDETECTVIAPOLLING))|((!def(CONF_WATCHASYNC_PB)|def(CONF_WATCHASYNC_EDGDETECTVIAPOLLING))&(!def(CONF_WATCHASYNC_PA)|def(CONF_WATCHASYNC_EDGDETECTVIAPOLLING))&def(CONF_WATCHASYNC_PC)&!def(CONF_WATCHASYNC_EDGDETECTVIAPOLLING)))&(!def(CONF_WATCHASYNC_PA)|def(CONF_WATCHASYNC_EDGDETECTVIAPOLLING))&def(CONF_WATCHASYNC_PB)&def(CONF_WATCHASYNC_PB6)),True
True,(def(CRON_VFS_SUPPORT)&def(CRON_PERSIST_SUPPORT))
True,def(HD44780_MULTIENSUPPORT)
True,!def(VFS_TEENSY)
def(STATUSLED_EMS_RX_FAIL_SUPPORT),True
(def(CONF_WATCHASYNC_PC)&(!def(CONF_WATCHASYNC_PB)|def(CONF_WATCHASYNC_EDGDETECTVIAPOLLING))&!def(CONF_WATCHASYNC_EDGDETECTVIAPOLLING)&def(CONF_WATCHASYNC_PC4)&((def(CONF_WATCHASYNC_PC)&!def(CONF_WATCHASYNC_EDGDETECTVIAPOLLING))|(def(CONF_WATCHASYNC_PD)&!def(CONF_WATCHASYNC_EDGDETECTVIAPOLLING))|(def(CONF_WATCHASYNC_PB)&!def(CONF_WATCHASYNC_EDGDETECTVIAPOLLING))|(def(CONF_WATCHASYNC_PA)&!def(CONF_WATCHASYNC_EDGDETECTVIAPOLLING)))&((def(CONF_WATCHASYNC_PA)&!def(CONF_WATCHASYNC_EDGDETECTVIAPOLLING))|(def(CONF_WATCHASYNC_PB)&!def(CONF_WATCHASYNC_EDGDETECTVIAPOLLING))|((!def(CONF_WATCHASYNC_PB)|def(CONF_WATCHASYNC_EDGDETECTVIAPOLLING))&(!def(CONF_WATCHASYNC_PA)|def(CONF_WATCHASYNC_EDGDETECTVIAPOLLING))&def(CONF_WATCHASYNC_PC)&!def(CONF_WATCHASYNC_EDGDETECTVIAPOLLING)))&(!def(CONF_WATCHASYNC_PA)|def(CONF_WATCHASYNC_EDGDETECTVIAPOLLING))),True
(def(PWM_SERVO_DEFAULT_ENABLED)&def(PWM_SERVO_SUPPORT)&(!def(PWM_SERVO_SUPPORT)|def(PWM_SERVO_DEFAULT_ENABLED))),def(PWM_SERVO_SUPPORT)
def(ECMD_MIRROR_REQUEST),def(I2C_PCF8574X_SUPPORT)
(def(CLOCK_SUPPORT)&def(I2C_PCF8583_SUPPORT)),(def(CLOCK_DATETIME_SUPPORT)&def(I2C_PCF8583_SUPPORT))
def(DEBUG),(def(LARGESCREEN)&def(DEBUG))
def(DNS_SUPPORT),(def(DNS_SUPPORT)&((!def(CONF_WATCHASYNC_EDGDETECTVIAPOLLING)&((def(CONF_WATCHASYNC_PC)&!def(CONF_WATCHASYNC_EDGDETECTVIAPOLLING))|(def(CONF_WATCHASYNC_PD)&!def(CONF_WATCHASYNC_EDGDETECTVIAPOLLING))|(def(CONF_WATCHASYNC_PB)&!def(CONF_WATCHASYNC_EDGDETECTVIAPOLLING))|(def(CONF_WATCHASYNC_PA)&!def(CONF_WATCHASYNC_EDGDETECTVIAPOLLING))))|((!def(CONF_WATCHASYNC_PD)|def(CONF_WATCHASYNC_EDGDETECTVIAPOLLING))&(!def(CONF_WATCHASYNC_PB)|def(CONF_WATCHASYNC_EDGDETECTVIAPOLLING))&!def(CONF_WATCHASYNC_EDGDETECTVIAPOLLING)&(!def(CONF_WATCHASYNC_PC)|def(CONF_WATCHASYNC_EDGDETECTVIAPOLLING))&(!def(CONF_WATCHASYNC_PA)|def(CONF_WATCHASYNC_EDGDETECTVIAPOLLING)))))
def(CONF_WATCHASYNC_PD),(!def(CONF_WATCHASYNC_EDGDETECTVIAPOLLING)&((def(CONF_WATCHASYNC_PC)&!def(CONF_WATCHASYNC_EDGDETECTVIAPOLLING))|(def(CONF_WATCHASYNC_PD)&!def(CONF_WATCHASYNC_EDGDETECTVIAPOLLING))|(def(CONF_WATCHASYNC_PB)&!def(CONF_WATCHASYNC_EDGDETECTVIAPOLLING))|(def(CONF_WATCHASYNC_PA)&!def(CONF_WATCHASYNC_EDGDETECTVIAPOLLING)))&((def(CONF_WATCHASYNC_PA)&!def(CONF_WATCHASYNC_EDGDETECTVIAPOLLING))|(def(CONF_WATCHASYNC_PB)&!def(CONF_WATCHASYNC_EDGDETECTVIAPOLLING))|((!def(CONF_WATCHASYNC_PB)|def(CONF_WATCHASYNC_EDGDETECTVIAPOLLING))&(!def(CONF_WATCHASYNC_PA)|def(CONF_WATCHASYNC_EDGDETECTVIAPOLLING))&def(CONF_WATCHASYNC_PC)&!def(CONF_WATCHASYNC_EDGDETECTVIAPOLLING)))&def(CONF_WATCHASYNC_PD))
def(ECMD_USB_SUPPORT),def(ALIASCMD_SUPPORT)
(def(I2C_PCF8583_SYNC)&def(I2C_PCF8583_SUPPORT)),(def(CLOCK_DATETIME_SUPPORT)&def(I2C_PCF8583_SUPPORT))
(!def(CONF_WATCHASYNC_EDGDETECTVIAPOLLING)&((def(CONF_WATCHASYNC_PC)&!def(CONF_WATCHASYNC_EDGDETECTVIAPOLLING))|(def(CONF_WATCHASYNC_PD)&!def(CONF_WATCHASYNC_EDGDETECTVIAPOLLING))|(def(CONF_WATCHASYNC_PB)&!def(CONF_WATCHASYNC_EDGDETECTVIAPOLLING))|(def(CONF_WATCHASYNC_PA)&!def(CONF_WATCHASYNC_EDGDETECTVIAPOLLING)))),(!def(CONF_WATCHASYNC_EDGDETECTVIAPOLLING)&((def(CONF_WATCHASYNC_PC)&!def(CONF_WATCHASYNC_EDGDETECTVIAPOLLING))|(def(CONF_WATCHASYNC_PD)&!def(CONF_WATCHASYNC_EDGDETECTVIAPOLLING))|(def(CONF_WATCHASYNC_PB)&!def(CONF_WATCHASYNC_EDGDETECTVIAPOLLING))|(def(CONF_WATCHASYNC_PA)&!def(CONF_WATCHASYNC_EDGDETECTVIAPOLLING)))&!def(CONF_WATCHASYNC_SUMMARIZE)&!def(CONF_WATCHASYNC_TIMESTAMP))
True,def(HD44780_READBACK)
def(DHT_HUMID_ECMD_SUPPORT),True
!def(CONF_WATCHASYNC_SUMMARIZE),True
(def(ONEWIRE_DETECT_SUPPORT)&!def(ONEWIRE_POLLING_SUPPORT)),(def(ONEWIRE_DETECT_SUPPORT)&!def(ONEWIRE_POLLING_SUPPORT)&def(ONEWIRE_DS2502_SUPPORT))
True,def(ADC_VOLTAGE_SUPPORT)
(!def(CONF_WATCHASYNC_EDGDETECTVIAPOLLING)&((def(CONF_WATCHASYNC_PC)&!def(CONF_WATCHASYNC_EDGDETECTVIAPOLLING))|(def(CONF_WATCHASYNC_PD)&!def(CONF_WATCHASYNC_EDGDETECTVIAPOLLING))|(def(CONF_WATCHASYNC_PB)&!def(CONF_WATCHASYNC_EDGDETECTVIAPOLLING))|(def(CONF_WATCHASYNC_PA)&!def(CONF_WATCHASYNC_EDGDETECTVIAPOLLING)))),(!def(CONF_WATCHASYNC_EDGDETECTVIAPOLLING)&((def(CONF_WATCHASYNC_PC)&!def(CONF_WATCHASYNC_EDGDETECTVIAPOLLING))|(def(CONF_WATCHASYNC_PD)&!def(CONF_WATCHASYNC_EDGDETECTVIAPOLLING))|(def(CONF_WATCHASYNC_PB)&!def(CONF_WATCHASYNC_EDGDETECTVIAPOLLING))|(def(CONF_WATCHASYNC_PA)&!def(CONF_WATCHASYNC_EDGDETECTVIAPOLLING)))&!def(CONF_WATCHASYNC_SUMMARIZE))
(((def(CONF_WATCHASYNC_PA)&!def(CONF_WATCHASYNC_EDGDETECTVIAPOLLING))|(def(CONF_WATCHASYNC_PB)&!def(CONF_WATCHASYNC_EDGDETECTVIAPOLLING)))&def(CONF_WATCHASYNC_PA)&!def(CONF_WATCHASYNC_EDGDETECTVIAPOLLING)&def(CONF_WATCHASYNC_PA1)&((def(CONF_WATCHASYNC_PC)&!def(CONF_WATCHASYNC_EDGDETECTVIAPOLLING))|(def(CONF_WATCHASYNC_PD)&!def(CONF_WATCHASYNC_EDGDETECTVIAPOLLING))|(def(CONF_WATCHASYNC_PB)&!def(CONF_WATCHASYNC_EDGDETECTVIAPOLLING))|(def(CONF_WATCHASYNC_PA)&!def(CONF_WATCHASYNC_EDGDETECTVIAPOLLING)))&((def(CONF_WATCHASYNC_PA)&!def(CONF_WATCHASYNC_EDGDETECTVIAPOLLING))|(def(CONF_WATCHASYNC_PB)&!def(CONF_WATCHASYNC_EDGDETECTVIAPOLLING))|((!def(CONF_WATCHASYNC_PB)|def(CONF_WATCHASYNC_EDGDETECTVIAPOLLING))&(!def(CONF_WATCHASYNC_PA)|def(CONF_WATCHASYNC_EDGDETECTVIAPOLLING))&def(CONF_WATCHASYNC_PC)&!def(CONF_WATCHASYNC_EDGDETECTVIAPOLLING)))),True
def(VFS_SUPPORT),def(HTTPD_AUTH_SUPPORT)
def(USB_KEYBOARD_SUPPORT),True
True,def(STATUSLED_HAVE_EMS_RX_FAIL_SUPPORT)
def(DHT_SNMP_SUPPORT),def(SNMP_SUPPORT)
def(RFM12_SUPPORT),True
True,def(ICMP_SUPPORT)
True,def(HTTPD_AUTH_SUPPORT)
(!def(CONF_WATCHASYNC_EDGDETECTVIAPOLLING)&((def(CONF_WATCHASYNC_PC)&!def(CONF_WATCHASYNC_EDGDETECTVIAPOLLING))|(def(CONF_WATCHASYNC_PD)&!def(CONF_WATCHASYNC_EDGDETECTVIAPOLLING))|(def(CONF_WATCHASYNC_PB)&!def(CONF_WATCHASYNC_EDGDETECTVIAPOLLING))|(def(CONF_WATCHASYNC_PA)&!def(CONF_WATCHASYNC_EDGDETECTVIAPOLLING)))&((def(CONF_WATCHASYNC_PA)&!def(CONF_WATCHASYNC_EDGDETECTVIAPOLLING))|(def(CONF_WATCHASYNC_PB)&!def(CONF_WATCHASYNC_EDGDETECTVIAPOLLING))|((!def(CONF_WATCHASYNC_PB)|def(CONF_WATCHASYNC_EDGDETECTVIAPOLLING))&(!def(CONF_WATCHASYNC_PA)|def(CONF_WATCHASYNC_EDGDETECTVIAPOLLING))&def(CONF_WATCHASYNC_PC)&!def(CONF_WATCHASYNC_EDGDETECTVIAPOLLING)))&(!def(CONF_WATCHASYNC_PA)|def(CONF_WATCHASYNC_EDGDETECTVIAPOLLING))&def(CONF_WATCHASYNC_PB)&def(CONF_WATCHASYNC_PB2)),True
def(USB_MOUSE_SUPPORT),def(USB_KEYBOARD_SUPPORT)
def(SD_PING_READ),True
!def(MDNS_SD_SUPPORT),def(ETHERNET_SUPPORT)
True,def(FREE_SUPPORT)
True,def(GLCDMENU_S1D13305)
True,def(TFTP_CRC_SUPPORT)
True,!def(ECMD_MIRROR_REQUEST)
!def(IPV6_STATIC_SUPPORT),True
def(ECMD_USB_SUPPORT),True
def(DC3840_UDP_DEBUG),True
(!def(CONF_WATCHASYNC_EDGDETECTVIAPOLLING)&((def(CONF_WATCHASYNC_PC)&!def(CONF_WATCHASYNC_EDGDETECTVIAPOLLING))|(def(CONF_WATCHASYNC_PD)&!def(CONF_WATCHASYNC_EDGDETECTVIAPOLLING))|(def(CONF_WATCHASYNC_PB)&!def(CONF_WATCHASYNC_EDGDETECTVIAPOLLING))|(def(CONF_WATCHASYNC_PA)&!def(CONF_WATCHASYNC_EDGDETECTVIAPOLLING)))&((def(CONF_WATCHASYNC_PA)&!def(CONF_WATCHASYNC_EDGDETECTVIAPOLLING))|(def(CONF_WATCHASYNC_PB)&!def(CONF_WATCHASYNC_EDGDETECTVIAPOLLING))|((!def(CONF_WATCHASYNC_PB)|def(CONF_WATCHASYNC_EDGDETECTVIAPOLLING))&(!def(CONF_WATCHASYNC_PA)|def(CONF_WATCHASYNC_EDGDETECTVIAPOLLING))&def(CONF_WATCHASYNC_PC)&!def(CONF_WATCHASYNC_EDGDETECTVIAPOLLING)))&def(CONF_WATCHASYNC_PD)),def(CONF_WATCHASYNC_PD)
True,!def(TEENSY_SUPPORT)
def(_SPMCR),True
def(I2C_LM75_SUPPORT),True
(((def(CONF_WATCHASYNC_PA)&!def(CONF_WATCHASYNC_EDGDETECTVIAPOLLING))|(def(CONF_WATCHASYNC_PB)&!def(CONF_WATCHASYNC_EDGDETECTVIAPOLLING)))&def(CONF_WATCHASYNC_PA)&!def(CONF_WATCHASYNC_EDGDETECTVIAPOLLING)&def(CONF_WATCHASYNC_PB5)&((def(CONF_WATCHASYNC_PC)&!def(CONF_WATCHASYNC_EDGDETECTVIAPOLLING))|(def(CONF_WATCHASYNC_PD)&!def(CONF_WATCHASYNC_EDGDETECTVIAPOLLING))|(def(CONF_WATCHASYNC_PB)&!def(CONF_WATCHASYNC_EDGDETECTVIAPOLLING))|(def(CONF_WATCHASYNC_PA)&!def(CONF_WATCHASYNC_EDGDETECTVIAPOLLING)))&((def(CONF_WATCHASYNC_PA)&!def(CONF_WATCHASYNC_EDGDETECTVIAPOLLING))|(def(CONF_WATCHASYNC_PB)&!def(CONF_WATCHASYNC_EDGDETECTVIAPOLLING))|((!def(CONF_WATCHASYNC_PB)|def(CONF_WATCHASYNC_EDGDETECTVIAPOLLING))&(!def(CONF_WATCHASYNC_PA)|def(CONF_WATCHASYNC_EDGDETECTVIAPOLLING))&def(CONF_WATCHASYNC_PC)&!def(CONF_WATCHASYNC_EDGDETECTVIAPOLLING)))&def(CONF_WATCHASYNC_PB)),True
def(RFM12_IP_SUPPORT),!def(TEENSY_SUPPORT)
(((def(CONF_WATCHASYNC_PA)&!def(CONF_WATCHASYNC_EDGDETECTVIAPOLLING))|(def(CONF_WATCHASYNC_PB)&!def(CONF_WATCHASYNC_EDGDETECTVIAPOLLING)))&def(CONF_WATCHASYNC_PA)&!def(CONF_WATCHASYNC_EDGDETECTVIAPOLLING)&((def(CONF_WATCHASYNC_PC)&!def(CONF_WATCHASYNC_EDGDETECTVIAPOLLING))|(def(CONF_WATCHASYNC_PD)&!def(CONF_WATCHASYNC_EDGDETECTVIAPOLLING))|(def(CONF_WATCHASYNC_PB)&!def(CONF_WATCHASYNC_EDGDETECTVIAPOLLING))|(def(CONF_WATCHASYNC_PA)&!def(CONF_WATCHASYNC_EDGDETECTVIAPOLLING)))&((def(CONF_WATCHASYNC_PA)&!def(CONF_WATCHASYNC_EDGDETECTVIAPOLLING))|(def(CONF_WATCHASYNC_PB)&!def(CONF_WATCHASYNC_EDGDETECTVIAPOLLING))|((!def(CONF_WATCHASYNC_PB)|def(CONF_WATCHASYNC_EDGDETECTVIAPOLLING))&(!def(CONF_WATCHASYNC_PA)|def(CONF_WATCHASYNC_EDGDETECTVIAPOLLING))&def(CONF_WATCHASYNC_PC)&!def(CONF_WATCHASYNC_EDGDETECTVIAPOLLING)))&def(CONF_WATCHASYNC_PB)&def(CONF_WATCHASYNC_PB6)),True
(def(CONF_WATCHASYNC_PD3)&!def(CONF_WATCHASYNC_EDGDETECTVIAPOLLING)&((def(CONF_WATCHASYNC_PC)&!def(CONF_WATCHASYNC_EDGDETECTVIAPOLLING))|(def(CONF_WATCHASYNC_PD)&!def(CONF_WATCHASYNC_EDGDETECTVIAPOLLING))|(def(CONF_WATCHASYNC_PB)&!def(CONF_WATCHASYNC_EDGDETECTVIAPOLLING))|(def(CONF_WATCHASYNC_PA)&!def(CONF_WATCHASYNC_EDGDETECTVIAPOLLING)))&((def(CONF_WATCHASYNC_PA)&!def(CONF_WATCHASYNC_EDGDETECTVIAPOLLING))|(def(CONF_WATCHASYNC_PB)&!def(CONF_WATCHASYNC_EDGDETECTVIAPOLLING))|((!def(CONF_WATCHASYNC_PB)|def(CONF_WATCHASYNC_EDGDETECTVIAPOLLING))&(!def(CONF_WATCHASYNC_PA)|def(CONF_WATCHASYNC_EDGDETECTVIAPOLLING))&def(CONF_WATCHASYNC_PC)&!def(CONF_WATCHASYNC_EDGDETECTVIAPOLLING)))&def(CONF_WATCHASYNC_PD)),True
((def(CONF_WATCHASYNC_SUMMARIZE)&!def(CONF_WATCHASYNC_SENDEND))|(def(CONF_WATCHASYNC_SENDEND)&def(CONF_WATCHASYNC_SUMMARIZE)&((!def(CONF_WATCHASYNC_EDGDETECTVIAPOLLING)&((def(CONF_WATCHASYNC_PC)&!def(CONF_WATCHASYNC_EDGDETECTVIAPOLLING))|(def(CONF_WATCHASYNC_PD)&!def(CONF_WATCHASYNC_EDGDETECTVIAPOLLING))|(def(CONF_WATCHASYNC_PB)&!def(CONF_WATCHASYNC_EDGDETECTVIAPOLLING))|(def(CONF_WATCHASYNC_PA)&!def(CONF_WATCHASYNC_EDGDETECTVIAPOLLING))))|((!def(CONF_WATCHASYNC_PD)|def(CONF_WATCHASYNC_EDGDETECTVIAPOLLING))&(!def(CONF_WATCHASYNC_PB)|def(CONF_WATCHASYNC_EDGDETECTVIAPOLLING))&!def(CONF_WATCHASYNC_EDGDETECTVIAPOLLING)&(!def(CONF_WATCHASYNC_PC)|def(CONF_WATCHASYNC_EDGDETECTVIAPOLLING))&(!def(CONF_WATCHASYNC_PA)|def(CONF_WATCHASYNC_EDGDETECTVIAPOLLING)))))),def(CONF_WATCHASYNC_SUMMARIZE)
(((def(CONF_WATCHASYNC_PA)&!def(CONF_WATCHASYNC_EDGDETECTVIAPOLLING))|(def(CONF_WATCHASYNC_PB)&!def(CONF_WATCHASYNC_EDGDETECTVIAPOLLING)))&def(CONF_WATCHASYNC_PA)&!def(CONF_WATCHASYNC_EDGDETECTVIAPOLLING)&((def(CONF_WATCHASYNC_PC)&!def(CONF_WATCHASYNC_EDGDETECTVIAPOLLING))|(def(CONF_WATCHASYNC_PD)&!def(CONF_WATCHASYNC_EDGDETECTVIAPOLLING))|(def(CONF_WATCHASYNC_PB)&!def(CONF_WATCHASYNC_EDGDETECTVIAPOLLING))|(def(CONF_WATCHASYNC_PA)&!def(CONF_WATCHASYNC_EDGDETECTVIAPOLLING)))&((def(CONF_WATCHASYNC_PA)&!def(CONF_WATCHASYNC_EDGDETECTVIAPOLLING))|(def(CONF_WATCHASYNC_PB)&!def(CONF_WATCHASYNC_EDGDETECTVIAPOLLING))|((!def(CONF_WATCHASYNC_PB)|def(CONF_WATCHASYNC_EDGDETECTVIAPOLLING))&(!def(CONF_WATCHASYNC_PA)|def(CONF_WATCHASYNC_EDGDETECTVIAPOLLING))&def(CONF_WATCHASYNC_PC)&!def(CONF_WATCHASYNC_EDGDETECTVIAPOLLING)))&def(CONF_WATCHASYNC_PA2)),True
(def(MCUF_SPIRAL_SUPPORT)&def(MCUF_MODUL_SUPPORT)&def(MCUF_CLEAN_SUPPORT)&((def(MCUF_SPIRAL_SUPPORT)&def(MCUF_MODUL_SUPPORT))|(def(MCUF_CLEAN_SUPPORT)&def(MCUF_MODUL_SUPPORT))|def(MCUF_MODUL_SUPPORT))&(!def(MCUF_MODUL_BORG16_SUPPORT)|!def(MCUF_MODUL_SUPPORT))&((def(MCUF_SPIRAL_SUPPORT)&def(MCUF_MODUL_SUPPORT))|(def(MCUF_CLEAN_SUPPORT)&def(MCUF_MODUL_SUPPORT)))),def(MCUF_SPIRAL_SUPPORT)
(def(RFM12_ASK_SENSING_SUPPORT)&def(RFM12_ASK_EXTERNAL_FILTER_SUPPORT)),True
def(RFM12_ASK_2272_SUPPORT),def(TEENSY_SUPPORT)
def(MENU_MOUSE_SUPPORT),(def(LARGESCREEN)&def(MENU_MOUSE_SUPPORT))
True,def(I2C_MAX7311_SUPPORT)
def(ALIASCMD_SUPPORT),True
(!def(CONF_WATCHASYNC_EDGDETECTVIAPOLLING)&((def(CONF_WATCHASYNC_PC)&!def(CONF_WATCHASYNC_EDGDETECTVIAPOLLING))|(def(CONF_WATCHASYNC_PD)&!def(CONF_WATCHASYNC_EDGDETECTVIAPOLLING))|(def(CONF_WATCHASYNC_PB)&!def(CONF_WATCHASYNC_EDGDETECTVIAPOLLING))|(def(CONF_WATCHASYNC_PA)&!def(CONF_WATCHASYNC_EDGDETECTVIAPOLLING)))&!def(CONF_WATCHASYNC_SUMMARIZE)),True
def(SER_RAM_23K256_SUPPORT),True
def(ECMD_PARSER_SUPPORT),True
!def(DNS_SUPPORT),!def(CONF_WATCHASYNC_SUMMARIZE)
def(STATUSLED_ZBUS_RX_SUPPORT),True
(!def(CONF_WATCHASYNC_TIMESTAMP)&def(CONF_WATCHASYNC_SUMMARIZE)&(def(CONF_WATCHASYNC_SUMMARIZE)|def(CONF_WATCHASYNC_TIMESTAMP))&(def(CONF_WATCHASYNC_EDGDETECTVIAPOLLING)|((!def(CONF_WATCHASYNC_PD)|def(CONF_WATCHASYNC_EDGDETECTVIAPOLLING))&(!def(CONF_WATCHASYNC_PC)|def(CONF_WATCHASYNC_EDGDETECTVIAPOLLING))&(!def(CONF_WATCHASYNC_PB)|def(CONF_WATCHASYNC_EDGDETECTVIAPOLLING))&(!def(CONF_WATCHASYNC_PA)|def(CONF_WATCHASYNC_EDGDETECTVIAPOLLING))))),True
(def(FREQCOUNT_MOVING_AVERAGE_SUPPORT)&!def(FREQCOUNT_DUTY_SUPPORT)),True
(((def(CONF_WATCHASYNC_PA)&!def(CONF_WATCHASYNC_EDGDETECTVIAPOLLING))|(def(CONF_WATCHASYNC_PB)&!def(CONF_WATCHASYNC_EDGDETECTVIAPOLLING)))&def(CONF_WATCHASYNC_PA)&!def(CONF_WATCHASYNC_EDGDETECTVIAPOLLING)&def(CONF_WATCHASYNC_PA4)&((def(CONF_WATCHASYNC_PC)&!def(CONF_WATCHASYNC_EDGDETECTVIAPOLLING))|(def(CONF_WATCHASYNC_PD)&!def(CONF_WATCHASYNC_EDGDETECTVIAPOLLING))|(def(CONF_WATCHASYNC_PB)&!def(CONF_WATCHASYNC_EDGDETECTVIAPOLLING))|(def(CONF_WATCHASYNC_PA)&!def(CONF_WATCHASYNC_EDGDETECTVIAPOLLING)))&((def(CONF_WATCHASYNC_PA)&!def(CONF_WATCHASYNC_EDGDETECTVIAPOLLING))|(def(CONF_WATCHASYNC_PB)&!def(CONF_WATCHASYNC_EDGDETECTVIAPOLLING))|((!def(CONF_WATCHASYNC_PB)|def(CONF_WATCHASYNC_EDGDETECTVIAPOLLING))&(!def(CONF_WATCHASYNC_PA)|def(CONF_WATCHASYNC_EDGDETECTVIAPOLLING))&def(CONF_WATCHASYNC_PC)&!def(CONF_WATCHASYNC_EDGDETECTVIAPOLLING)))),True
